WL(nm)	PL	PE(mW/nm)
380	0.0030	1.5630
381	0.0027	1.4341
382	0.0023	1.2290
383	0.0023	1.2025
384	0.0021	1.0990
385	0.0020	1.0396
386	0.0018	0.9444
387	0.0017	0.8831
388	0.0016	0.8398
389	0.0015	0.7872
390	0.0015	0.7700
391	0.0014	0.7137
392	0.0013	0.6963
393	0.0012	0.6459
394	0.0012	0.6295
395	0.0012	0.6413
396	0.0012	0.6047
397	0.0011	0.5873
398	0.0011	0.6008
399	0.0012	0.6059
400	0.0012	0.6135
401	0.0012	0.6343
402	0.0012	0.6424
403	0.0013	0.6959
404	0.0014	0.7476
405	0.0016	0.8200
406	0.0017	0.9021
407	0.0019	1.0059
408	0.0022	1.1539
409	0.0025	1.3077
410	0.0029	1.5470
411	0.0035	1.8337
412	0.0042	2.1915
413	0.0050	2.6147
414	0.0058	3.0677
415	0.0070	3.6851
416	0.0084	4.3822
417	0.0102	5.3738
418	0.0121	6.3611
419	0.0146	7.6371
420	0.0175	9.1973
421	0.0212	11.0965
422	0.0251	13.1851
423	0.0299	15.6945
424	0.0363	19.0186
425	0.0428	22.4375
426	0.0506	26.5646
427	0.0598	31.3843
428	0.0704	36.9196
429	0.0832	43.6666
430	0.0982	51.5075
431	0.1150	60.3104
432	0.1326	69.5445
433	0.1529	80.2331
434	0.1780	93.3508
435	0.2043	107.1569
436	0.2329	122.1808
437	0.2662	139.6323
438	0.3073	161.1994
439	0.3485	182.8127
440	0.4000	209.8471
441	0.4586	240.5966
442	0.5200	272.7795
443	0.5890	308.9658
444	0.6678	350.3352
445	0.7417	389.0682
446	0.8132	426.5998
447	0.8893	466.5291
448	0.9411	493.7065
449	0.9769	512.4843
450	1.0000	524.5883
451	0.9963	522.6617
452	0.9595	503.3300
453	0.9145	479.7538
454	0.8543	448.1326
455	0.7899	414.3495
456	0.7194	377.3807
457	0.6442	337.9194
458	0.5845	306.6369
459	0.5260	275.9170
460	0.4732	248.2224
461	0.4324	226.8494
462	0.3965	207.9983
463	0.3673	192.6786
464	0.3352	175.8398
465	0.3113	163.2933
466	0.2856	149.8462
467	0.2584	135.5627
468	0.2361	123.8303
469	0.2139	112.2311
470	0.1880	98.6417
471	0.1669	87.5772
472	0.1480	77.6234
473	0.1304	68.4097
474	0.1167	61.2037
475	0.1032	54.1300
476	0.0934	49.0215
477	0.0834	43.7276
478	0.0756	39.6367
479	0.0684	35.8678
480	0.0621	32.5828
481	0.0559	29.3089
482	0.0514	26.9724
483	0.0465	24.3960
484	0.0422	22.1191
485	0.0381	20.0002
486	0.0343	18.0091
487	0.0309	16.2092
488	0.0278	14.5743
489	0.0245	12.8498
490	0.0219	11.5081
491	0.0196	10.2998
492	0.0175	9.1833
493	0.0159	8.3294
494	0.0143	7.4949
495	0.0130	6.7957
496	0.0119	6.2312
497	0.0109	5.7095
498	0.0099	5.1934
499	0.0092	4.8433
500	0.0083	4.3708
501	0.0076	3.9941
502	0.0070	3.6483
503	0.0065	3.4108
504	0.0059	3.0901
505	0.0055	2.8763
506	0.0051	2.6535
507	0.0047	2.4605
508	0.0043	2.2483
509	0.0040	2.0933
510	0.0036	1.9051
511	0.0034	1.7844
512	0.0032	1.6870
513	0.0030	1.5966
514	0.0028	1.4643
515	0.0027	1.4066
516	0.0026	1.3492
517	0.0024	1.2765
518	0.0024	1.2393
519	0.0023	1.1863
520	0.0022	1.1298
521	0.0020	1.0710
522	0.0020	1.0545
523	0.0019	0.9887
524	0.0019	0.9864
525	0.0018	0.9357
526	0.0017	0.9048
527	0.0017	0.8973
528	0.0017	0.8707
529	0.0016	0.8580
530	0.0016	0.8374
531	0.0016	0.8334
532	0.0015	0.8038
533	0.0015	0.7760
534	0.0015	0.7750
535	0.0015	0.7629
536	0.0014	0.7592
537	0.0014	0.7418
538	0.0014	0.7312
539	0.0014	0.7563
540	0.0014	0.7355
541	0.0014	0.7241
542	0.0013	0.7061
543	0.0014	0.7160
544	0.0014	0.7102
545	0.0013	0.6998
546	0.0013	0.6787
547	0.0013	0.6952
548	0.0013	0.6888
549	0.0013	0.6942
550	0.0013	0.6793
551	0.0013	0.6716
552	0.0013	0.6688
553	0.0013	0.6825
554	0.0012	0.6551
555	0.0013	0.6685
556	0.0012	0.6494
557	0.0013	0.6605
558	0.0013	0.6567
559	0.0013	0.6598
560	0.0007	0.3909
561	0.0007	0.3776
562	0.0007	0.3842
563	0.0007	0.3775
564	0.0007	0.3743
565	0.0007	0.3671
566	0.0007	0.3675
567	0.0007	0.3548
568	0.0007	0.3727
569	0.0007	0.3601
570	0.0007	0.3552
571	0.0007	0.3540
572	0.0007	0.3531
573	0.0007	0.3522
574	0.0006	0.3405
575	0.0007	0.3412
576	0.0006	0.3329
577	0.0006	0.3330
578	0.0006	0.3189
579	0.0006	0.3325
580	0.0006	0.3175
581	0.0006	0.3345
582	0.0006	0.3206
583	0.0006	0.3126
584	0.0006	0.3025
585	0.0006	0.3100
586	0.0006	0.3076
587	0.0006	0.2995
588	0.0006	0.2990
589	0.0005	0.2856
590	0.0006	0.2895
591	0.0005	0.2860
592	0.0006	0.2977
593	0.0005	0.2818
594	0.0005	0.2815
595	0.0005	0.2660
596	0.0005	0.2680
597	0.0005	0.2761
598	0.0005	0.2658
599	0.0005	0.2641
600	0.0005	0.2565
601	0.0005	0.2671
602	0.0005	0.2732
603	0.0005	0.2450
604	0.0005	0.2443
605	0.0005	0.2410
606	0.0005	0.2401
607	0.0005	0.2369
608	0.0004	0.2230
609	0.0004	0.2332
610	0.0004	0.2307
611	0.0004	0.2241
612	0.0004	0.2191
613	0.0004	0.2150
614	0.0004	0.2136
615	0.0004	0.2051
616	0.0004	0.2209
617	0.0004	0.2107
618	0.0004	0.2025
619	0.0004	0.1971
620	0.0004	0.1892
621	0.0004	0.1968
622	0.0004	0.1930
623	0.0004	0.2004
624	0.0004	0.1893
625	0.0003	0.1813
626	0.0003	0.1811
627	0.0003	0.1774
628	0.0003	0.1709
629	0.0003	0.1724
630	0.0003	0.1731
631	0.0003	0.1518
632	0.0003	0.1691
633	0.0003	0.1575
634	0.0003	0.1453
635	0.0003	0.1625
636	0.0003	0.1523
637	0.0003	0.1450
638	0.0003	0.1482
639	0.0003	0.1498
640	0.0003	0.1417
641	0.0003	0.1426
642	0.0003	0.1343
643	0.0003	0.1332
644	0.0002	0.1309
645	0.0002	0.1293
646	0.0002	0.1275
647	0.0002	0.1138
648	0.0002	0.1212
649	0.0003	0.1340
650	0.0002	0.1138
651	0.0002	0.1203
652	0.0002	0.1092
653	0.0002	0.1129
654	0.0002	0.1148
655	0.0002	0.1092
656	0.0002	0.1062
657	0.0002	0.1085
658	0.0002	0.1037
659	0.0002	0.1022
660	0.0002	0.0872
661	0.0002	0.0997
662	0.0002	0.0882
663	0.0002	0.0844
664	0.0002	0.0881
665	0.0002	0.0859
666	0.0002	0.0933
667	0.0002	0.0884
668	0.0002	0.0964
669	0.0002	0.0792
670	0.0001	0.0765
671	0.0001	0.0778
672	0.0001	0.0712
673	0.0002	0.0817
674	0.0001	0.0705
675	0.0001	0.0695
676	0.0001	0.0738
677	0.0001	0.0643
678	0.0001	0.0663
679	0.0001	0.0696
680	0.0001	0.0672
681	0.0001	0.0582
682	0.0001	0.0545
683	0.0001	0.0577
684	0.0001	0.0583
685	0.0001	0.0573
686	0.0001	0.0625
687	0.0001	0.0601
688	0.0001	0.0563
689	0.0001	0.0541
690	0.0001	0.0547
691	0.0001	0.0507
692	0.0001	0.0499
693	0.0001	0.0473
694	0.0001	0.0467
695	0.0001	0.0459
696	0.0001	0.0398
697	0.0001	0.0403
698	0.0001	0.0410
699	0.0001	0.0402
700	0.0001	0.0493
701	0.0001	0.0346
702	0.0001	0.0388
703	0.0001	0.0429
704	0.0001	0.0327
705	0.0001	0.0332
706	0.0001	0.0358
707	0.0001	0.0400
708	0.0001	0.0349
709	0.0001	0.0360
710	0.0001	0.0444
711	0.0001	0.0369
712	0.0001	0.0376
713	0.0001	0.0365
714	0.0001	0.0283
715	0.0001	0.0289
716	0.0001	0.0382
717	0.0001	0.0393
718	0.0001	0.0280
719	0.0001	0.0335
720	0.0000	0.0216
721	0.0001	0.0298
722	0.0000	0.0226
723	0.0001	0.0381
724	0.0001	0.0313
725	0.0000	0.0239
726	0.0000	0.0162
727	0.0000	0.0220
728	0.0000	0.0252
729	0.0001	0.0285
730	0.0000	0.0260
731	0.0000	0.0146
732	0.0000	0.0151
733	0.0001	0.0337
734	0.0000	0.0187
735	0.0001	0.0314
736	0.0001	0.0288
737	0.0000	0.0195
738	0.0000	0.0168
739	0.0000	0.0169
740	0.0000	0.0207
741	0.0000	0.0035
742	0.0000	0.0213
743	0.0000	0.0219
744	0.0000	0.0037
745	0.0000	0.0113
746	0.0000	0.0190
747	0.0001	0.0273
748	0.0001	0.0279
749	0.0000	0.0040
750	0.0000	0.0041
751	0.0000	0.0165
752	0.0000	0.0086
753	0.0000	0.0130
754	0.0000	0.0000
755	0.0000	0.0090
756	0.0000	0.0183
757	0.0000	0.0093
758	0.0000	0.0000
759	0.0000	0.0049
760	0.0000	0.0200
761	0.0000	0.0100
762	0.0000	0.0102
763	0.0000	0.0000
764	0.0000	0.0159
765	0.0000	0.0214
766	0.0000	0.0000
767	0.0000	0.0109
768	0.0000	0.0000
769	0.0000	0.0057
770	0.0000	0.0000
771	0.0000	0.0000
772	0.0000	0.0178
773	0.0000	0.0121
774	0.0000	0.0062
775	0.0000	0.0063
776	0.0000	0.0000
777	0.0000	0.0000
778	0.0000	0.0065
779	0.0000	0.0000
780	0.0000	0.0067
781	0.0000	0.0206
782	0.0000	0.0070
783	0.0000	0.0000
784	0.0000	0.0000
785	0.0000	0.0000
786	0.0000	0.0222
787	0.0000	0.0000
788	0.0000	0.0000
789	0.0000	0.0000
790	0.0000	0.0078
791	0.0000	0.0000
792	0.0000	0.0000
793	0.0000	0.0082
794	0.0000	0.0249
795	0.0000	0.0249
796	0.0000	0.0000
797	0.0000	0.0000
798	0.0000	0.0000
799	0.0000	0.0000
800	0.0001	0.0267
