WL(nm)	PL	PE(mW/nm)
380	0.0001	0.0502
381	0.0001	0.0433
382	0.0001	0.0358
383	0.0000	0.0288
384	0.0000	0.0276
385	0.0000	0.0179
386	0.0000	0.0132
387	0.0000	0.0225
388	0.0000	0.0084
389	0.0000	0.0196
390	0.0000	0.0117
391	0.0000	0.0119
392	0.0000	0.0083
393	0.0000	0.0187
394	0.0000	0.0134
395	0.0000	0.0101
396	0.0000	0.0075
397	0.0000	0.0070
398	0.0000	0.0071
399	0.0000	0.0067
400	0.0000	0.0072
401	0.0000	0.0053
402	0.0000	0.0038
403	0.0000	0.0053
404	0.0000	0.0064
405	0.0000	0.0070
406	0.0000	0.0057
407	0.0000	0.0051
408	0.0000	0.0074
409	0.0000	0.0035
410	0.0000	0.0048
411	0.0000	0.0045
412	0.0000	0.0065
413	0.0000	0.0043
414	0.0000	0.0057
415	0.0000	0.0062
416	0.0000	0.0050
417	0.0000	0.0053
418	0.0000	0.0026
419	0.0000	0.0042
420	0.0000	0.0030
421	0.0000	0.0050
422	0.0000	0.0037
423	0.0000	0.0043
424	0.0000	0.0022
425	0.0000	0.0048
426	0.0000	0.0013
427	0.0000	0.0032
428	0.0000	0.0051
429	0.0000	0.0048
430	0.0000	0.0022
431	0.0000	0.0031
432	0.0000	0.0028
433	0.0000	0.0027
434	0.0000	0.0038
435	0.0000	0.0031
436	0.0000	0.0052
437	0.0000	0.0028
438	0.0000	0.0039
439	0.0000	0.0054
440	0.0000	0.0026
441	0.0000	0.0030
442	0.0000	0.0040
443	0.0000	0.0052
444	0.0000	0.0054
445	0.0000	0.0037
446	0.0000	0.0038
447	0.0000	0.0033
448	0.0000	0.0033
449	0.0000	0.0036
450	0.0000	0.0047
451	0.0000	0.0031
452	0.0000	0.0031
453	0.0000	0.0037
454	0.0000	0.0040
455	0.0000	0.0037
456	0.0000	0.0047
457	0.0000	0.0036
458	0.0000	0.0040
459	0.0000	0.0033
460	0.0000	0.0036
461	0.0000	0.0043
462	0.0000	0.0030
463	0.0000	0.0040
464	0.0000	0.0036
465	0.0000	0.0022
466	0.0000	0.0047
467	0.0000	0.0030
468	0.0000	0.0040
469	0.0000	0.0040
470	0.0000	0.0009
471	0.0000	0.0000
472	0.0000	0.0000
473	0.0000	0.0000
474	0.0000	0.0001
475	0.0000	0.0006
476	0.0000	0.0000
477	0.0000	0.0003
478	0.0000	0.0000
479	0.0000	0.0000
480	0.0000	0.0006
481	0.0000	0.0000
482	0.0000	0.0008
483	0.0000	0.0000
484	0.0000	0.0004
485	0.0000	0.0016
486	0.0000	0.0000
487	0.0000	0.0000
488	0.0000	0.0000
489	0.0000	0.0003
490	0.0000	0.0011
491	0.0000	0.0000
492	0.0000	0.0007
493	0.0000	0.0000
494	0.0000	0.0012
495	0.0000	0.0000
496	0.0000	0.0004
497	0.0000	0.0003
498	0.0000	0.0005
499	0.0000	0.0005
500	0.0000	0.0005
501	0.0000	0.0007
502	0.0000	0.0003
503	0.0000	0.0001
504	0.0000	0.0004
505	0.0000	0.0003
506	0.0000	0.0000
507	0.0000	0.0004
508	0.0000	0.0004
509	0.0000	0.0013
510	0.0000	0.0011
511	0.0000	0.0007
512	0.0000	0.0014
513	0.0000	0.0003
514	0.0000	0.0017
515	0.0000	0.0000
516	0.0000	0.0000
517	0.0000	0.0007
518	0.0000	0.0010
519	0.0000	0.0003
520	0.0000	0.0007
521	0.0000	0.0000
522	0.0000	0.0001
523	0.0000	0.0006
524	0.0000	0.0014
525	0.0000	0.0014
526	0.0000	0.0008
527	0.0000	0.0009
528	0.0000	0.0006
529	0.0000	0.0000
530	0.0000	0.0002
531	0.0000	0.0014
532	0.0000	0.0005
533	0.0000	0.0000
534	0.0000	0.0003
535	0.0000	0.0002
536	0.0000	0.0010
537	0.0000	0.0000
538	0.0000	0.0000
539	0.0000	0.0002
540	0.0000	0.0005
541	0.0000	0.0000
542	0.0000	0.0016
543	0.0000	0.0022
544	0.0000	0.0002
545	0.0000	0.0004
546	0.0000	0.0019
547	0.0000	0.0013
548	0.0000	0.0013
549	0.0000	0.0004
550	0.0000	0.0012
551	0.0000	0.0012
552	0.0000	0.0016
553	0.0000	0.0010
554	0.0000	0.0012
555	0.0000	0.0023
556	0.0000	0.0000
557	0.0000	0.0024
558	0.0000	0.0011
559	0.0000	0.0027
560	0.0000	0.0218
561	0.0000	0.0195
562	0.0000	0.0175
563	0.0000	0.0170
564	0.0000	0.0193
565	0.0000	0.0171
566	0.0000	0.0184
567	0.0000	0.0180
568	0.0000	0.0167
569	0.0000	0.0207
570	0.0000	0.0174
571	0.0000	0.0180
572	0.0000	0.0184
573	0.0000	0.0187
574	0.0000	0.0191
575	0.0000	0.0204
576	0.0000	0.0165
577	0.0000	0.0212
578	0.0000	0.0207
579	0.0000	0.0215
580	0.0000	0.0239
581	0.0000	0.0187
582	0.0000	0.0264
583	0.0000	0.0218
584	0.0000	0.0192
585	0.0000	0.0223
586	0.0000	0.0215
587	0.0000	0.0242
588	0.0000	0.0225
589	0.0000	0.0258
590	0.0000	0.0240
591	0.0000	0.0247
592	0.0000	0.0264
593	0.0000	0.0268
594	0.0000	0.0280
595	0.0000	0.0306
596	0.0000	0.0297
597	0.0000	0.0320
598	0.0000	0.0346
599	0.0000	0.0333
600	0.0000	0.0349
601	0.0001	0.0370
602	0.0001	0.0437
603	0.0001	0.0437
604	0.0001	0.0388
605	0.0001	0.0507
606	0.0001	0.0456
607	0.0001	0.0494
608	0.0001	0.0563
609	0.0001	0.0589
610	0.0001	0.0668
611	0.0001	0.0791
612	0.0001	0.0808
613	0.0001	0.0900
614	0.0001	0.1003
615	0.0002	0.1086
616	0.0002	0.1148
617	0.0002	0.1250
618	0.0002	0.1348
619	0.0002	0.1485
620	0.0002	0.1481
621	0.0003	0.1844
622	0.0003	0.2019
623	0.0003	0.1981
624	0.0003	0.2215
625	0.0003	0.2381
626	0.0004	0.2670
627	0.0004	0.2904
628	0.0005	0.3159
629	0.0005	0.3480
630	0.0006	0.3858
631	0.0006	0.4295
632	0.0006	0.4470
633	0.0007	0.4964
634	0.0008	0.5471
635	0.0008	0.5893
636	0.0010	0.6821
637	0.0010	0.6970
638	0.0011	0.7908
639	0.0012	0.8323
640	0.0013	0.8938
641	0.0014	0.9822
642	0.0016	1.0887
643	0.0017	1.2073
644	0.0018	1.2927
645	0.0020	1.4177
646	0.0022	1.5502
647	0.0024	1.6864
648	0.0026	1.8084
649	0.0028	1.9634
650	0.0031	2.1649
651	0.0033	2.3383
652	0.0037	2.5847
653	0.0039	2.7465
654	0.0043	3.0148
655	0.0047	3.3079
656	0.0051	3.5774
657	0.0056	3.9203
658	0.0061	4.2579
659	0.0066	4.5965
660	0.0073	5.1145
661	0.0080	5.6061
662	0.0086	6.0375
663	0.0095	6.6152
664	0.0102	7.1108
665	0.0110	7.7172
666	0.0121	8.4758
667	0.0129	8.9992
668	0.0142	9.9103
669	0.0154	10.7425
670	0.0166	11.5836
671	0.0178	12.4257
672	0.0195	13.6249
673	0.0210	14.6929
674	0.0226	15.8194
675	0.0248	17.3637
676	0.0267	18.6281
677	0.0288	20.1080
678	0.0310	21.6937
679	0.0338	23.6192
680	0.0363	25.3731
681	0.0391	27.3312
682	0.0421	29.4312
683	0.0455	31.7660
684	0.0492	34.3906
685	0.0525	36.6804
686	0.0565	39.5064
687	0.0614	42.9078
688	0.0662	46.2865
689	0.0709	49.5541
690	0.0765	53.4932
691	0.0822	57.4284
692	0.0893	62.3994
693	0.0959	66.9968
694	0.1024	71.5473
695	0.1100	76.8482
696	0.1194	83.4523
697	0.1267	88.5358
698	0.1359	94.9468
699	0.1468	102.6099
700	0.1585	110.7978
701	0.1669	116.6620
702	0.1800	125.8248
703	0.1921	134.2382
704	0.2076	145.0657
705	0.2205	154.1213
706	0.2355	164.5755
707	0.2514	175.6978
708	0.2666	186.3117
709	0.2873	200.7836
710	0.3065	214.1976
711	0.3229	225.6948
712	0.3428	239.6129
713	0.3660	255.8125
714	0.3894	272.1844
715	0.4126	288.3635
716	0.4315	301.5987
717	0.4574	319.6631
718	0.4805	335.8052
719	0.5045	352.5834
720	0.5297	370.1770
721	0.5576	389.7258
722	0.5788	404.5050
723	0.6051	422.9116
724	0.6339	443.0364
725	0.6584	460.1248
726	0.6902	482.3533
727	0.7215	504.2534
728	0.7534	526.5802
729	0.7808	545.6706
730	0.8080	564.6902
731	0.8313	580.9725
732	0.8662	605.3911
733	0.8941	624.8737
734	0.9170	640.8970
735	0.9450	660.4657
736	0.9524	665.6447
737	0.9790	684.2500
738	0.9771	682.8760
739	0.9874	690.0985
740	1.0000	698.9001
741	0.9876	690.2035
742	0.9667	675.6271
743	0.9544	667.0575
744	0.9169	640.8419
745	0.8757	612.0161
746	0.8409	587.6805
747	0.7987	558.2131
748	0.7426	519.0304
749	0.6832	477.4794
750	0.6324	442.0170
751	0.5749	401.8002
752	0.5183	362.2087
753	0.4669	326.2869
754	0.4179	292.0382
755	0.3746	261.7846
756	0.3328	232.5782
757	0.2916	203.7985
758	0.2610	182.4449
759	0.2314	161.7095
760	0.2033	142.0898
761	0.1798	125.6735
762	0.1599	111.7640
763	0.1402	98.0000
764	0.1242	86.8066
765	0.1080	75.4521
766	0.0943	65.8817
767	0.0832	58.1325
768	0.0743	51.9354
769	0.0649	45.3700
770	0.0565	39.5219
771	0.0506	35.3526
772	0.0445	31.1203
773	0.0388	27.1313
774	0.0346	24.1481
775	0.0309	21.5722
776	0.0277	19.3780
777	0.0244	17.0298
778	0.0217	15.1563
779	0.0193	13.4795
780	0.0176	12.3340
781	0.0155	10.8339
782	0.0142	9.9115
783	0.0129	8.9840
784	0.0117	8.1926
785	0.0105	7.3423
786	0.0097	6.7660
787	0.0090	6.2625
788	0.0077	5.3536
789	0.0074	5.1815
790	0.0069	4.7944
791	0.0063	4.3889
792	0.0057	3.9672
793	0.0052	3.6604
794	0.0049	3.4037
795	0.0046	3.2039
796	0.0042	2.9607
797	0.0041	2.8481
798	0.0039	2.6932
799	0.0036	2.5160
800	0.0036	2.4873
