WL(nm)	PL	PE(mW/nm)
380	0.0001	0.0268
381	0.0000	0.0047
382	0.0000	0.0129
383	0.0000	0.0026
384	0.0000	0.0057
385	0.0000	0.0147
386	0.0000	0.0074
387	0.0000	0.0034
388	0.0000	0.0045
389	0.0000	0.0075
390	0.0000	0.0026
391	0.0000	0.0035
392	0.0000	0.0065
393	0.0000	0.0020
394	0.0000	0.0036
395	0.0000	0.0091
396	0.0000	0.0000
397	0.0000	0.0016
398	0.0000	0.0033
399	0.0000	0.0035
400	0.0000	0.0040
401	0.0000	0.0060
402	0.0000	0.0024
403	0.0000	0.0027
404	0.0000	0.0039
405	0.0000	0.0011
406	0.0000	0.0037
407	0.0000	0.0018
408	0.0000	0.0015
409	0.0000	0.0034
410	0.0000	0.0009
411	0.0000	0.0046
412	0.0000	0.0018
413	0.0000	0.0020
414	0.0000	0.0017
415	0.0000	0.0010
416	0.0000	0.0002
417	0.0000	0.0016
418	0.0000	0.0023
419	0.0000	0.0013
420	0.0000	0.0021
421	0.0000	0.0027
422	0.0000	0.0025
423	0.0000	0.0007
424	0.0000	0.0016
425	0.0000	0.0021
426	0.0000	0.0026
427	0.0000	0.0019
428	0.0000	0.0023
429	0.0000	0.0010
430	0.0000	0.0032
431	0.0000	0.0011
432	0.0000	0.0019
433	0.0000	0.0030
434	0.0000	0.0020
435	0.0000	0.0015
436	0.0000	0.0014
437	0.0000	0.0014
438	0.0000	0.0008
439	0.0000	0.0015
440	0.0000	0.0009
441	0.0000	0.0012
442	0.0000	0.0011
443	0.0000	0.0014
444	0.0000	0.0006
445	0.0000	0.0011
446	0.0000	0.0028
447	0.0000	0.0022
448	0.0000	0.0010
449	0.0000	0.0009
450	0.0000	0.0016
451	0.0000	0.0015
452	0.0000	0.0018
453	0.0000	0.0010
454	0.0000	0.0019
455	0.0000	0.0020
456	0.0000	0.0020
457	0.0000	0.0014
458	0.0000	0.0020
459	0.0000	0.0009
460	0.0000	0.0037
461	0.0000	0.0009
462	0.0000	0.0012
463	0.0000	0.0024
464	0.0000	0.0010
465	0.0000	0.0017
466	0.0000	0.0026
467	0.0000	0.0017
468	0.0000	0.0012
469	0.0000	0.0013
470	0.0000	0.0000
471	0.0000	0.0001
472	0.0000	0.0000
473	0.0000	0.0000
474	0.0000	0.0000
475	0.0000	0.0000
476	0.0000	0.0000
477	0.0000	0.0000
478	0.0000	0.0000
479	0.0000	0.0000
480	0.0000	0.0000
481	0.0000	0.0000
482	0.0000	0.0000
483	0.0000	0.0000
484	0.0000	0.0001
485	0.0000	0.0000
486	0.0000	0.0001
487	0.0000	0.0000
488	0.0000	0.0000
489	0.0000	0.0000
490	0.0000	0.0000
491	0.0000	0.0000
492	0.0000	0.0000
493	0.0000	0.0000
494	0.0000	0.0000
495	0.0000	0.0000
496	0.0000	0.0000
497	0.0000	0.0000
498	0.0000	0.0000
499	0.0000	0.0003
500	0.0000	0.0000
501	0.0000	0.0000
502	0.0000	0.0000
503	0.0000	0.0000
504	0.0000	0.0000
505	0.0000	0.0000
506	0.0000	0.0000
507	0.0000	0.0000
508	0.0000	0.0004
509	0.0000	0.0001
510	0.0000	0.0000
511	0.0000	0.0000
512	0.0000	0.0001
513	0.0000	0.0003
514	0.0000	0.0000
515	0.0000	0.0000
516	0.0000	0.0000
517	0.0000	0.0003
518	0.0000	0.0000
519	0.0000	0.0003
520	0.0000	0.0000
521	0.0000	0.0000
522	0.0000	0.0000
523	0.0000	0.0000
524	0.0000	0.0000
525	0.0000	0.0000
526	0.0000	0.0000
527	0.0000	0.0000
528	0.0000	0.0000
529	0.0000	0.0005
530	0.0000	0.0000
531	0.0000	0.0000
532	0.0000	0.0000
533	0.0000	0.0002
534	0.0000	0.0000
535	0.0000	0.0000
536	0.0000	0.0000
537	0.0000	0.0000
538	0.0000	0.0000
539	0.0000	0.0000
540	0.0000	0.0004
541	0.0000	0.0002
542	0.0000	0.0000
543	0.0000	0.0000
544	0.0000	0.0000
545	0.0000	0.0002
546	0.0000	0.0000
547	0.0000	0.0000
548	0.0000	0.0000
549	0.0000	0.0000
550	0.0000	0.0000
551	0.0000	0.0000
552	0.0000	0.0000
553	0.0000	0.0000
554	0.0000	0.0006
555	0.0000	0.0000
556	0.0000	0.0000
557	0.0000	0.0000
558	0.0000	0.0007
559	0.0000	0.0000
560	0.0000	0.0084
561	0.0000	0.0101
562	0.0000	0.0109
563	0.0000	0.0116
564	0.0000	0.0113
565	0.0000	0.0102
566	0.0000	0.0126
567	0.0000	0.0094
568	0.0000	0.0103
569	0.0000	0.0091
570	0.0000	0.0114
571	0.0000	0.0110
572	0.0000	0.0118
573	0.0000	0.0113
574	0.0000	0.0130
575	0.0000	0.0129
576	0.0000	0.0134
577	0.0000	0.0129
578	0.0000	0.0121
579	0.0000	0.0150
580	0.0000	0.0143
581	0.0000	0.0118
582	0.0000	0.0185
583	0.0000	0.0123
584	0.0000	0.0123
585	0.0000	0.0130
586	0.0000	0.0141
587	0.0000	0.0117
588	0.0000	0.0143
589	0.0000	0.0130
590	0.0000	0.0131
591	0.0000	0.0142
592	0.0000	0.0167
593	0.0000	0.0187
594	0.0000	0.0189
595	0.0000	0.0177
596	0.0000	0.0156
597	0.0000	0.0166
598	0.0000	0.0195
599	0.0000	0.0175
600	0.0000	0.0201
601	0.0000	0.0182
602	0.0000	0.0224
603	0.0000	0.0189
604	0.0001	0.0262
605	0.0001	0.0295
606	0.0000	0.0242
607	0.0001	0.0319
608	0.0001	0.0320
609	0.0001	0.0318
610	0.0001	0.0333
611	0.0001	0.0370
612	0.0001	0.0415
613	0.0001	0.0452
614	0.0001	0.0437
615	0.0001	0.0535
616	0.0001	0.0549
617	0.0001	0.0605
618	0.0001	0.0718
619	0.0001	0.0707
620	0.0001	0.0733
621	0.0002	0.0850
622	0.0002	0.0883
623	0.0002	0.1003
624	0.0002	0.1124
625	0.0002	0.1094
626	0.0003	0.1340
627	0.0003	0.1405
628	0.0003	0.1451
629	0.0004	0.1759
630	0.0004	0.1863
631	0.0004	0.1943
632	0.0005	0.2276
633	0.0005	0.2347
634	0.0005	0.2608
635	0.0006	0.2709
636	0.0006	0.3000
637	0.0007	0.3489
638	0.0008	0.3745
639	0.0008	0.4058
640	0.0009	0.4543
641	0.0010	0.4759
642	0.0011	0.5563
643	0.0012	0.5907
644	0.0014	0.6699
645	0.0015	0.7253
646	0.0016	0.7746
647	0.0017	0.8462
648	0.0019	0.9277
649	0.0021	1.0343
650	0.0023	1.1217
651	0.0025	1.2457
652	0.0028	1.3803
653	0.0030	1.4715
654	0.0033	1.6142
655	0.0037	1.8199
656	0.0040	1.9593
657	0.0044	2.1413
658	0.0049	2.3784
659	0.0053	2.6177
660	0.0058	2.8296
661	0.0064	3.1212
662	0.0069	3.3794
663	0.0077	3.7868
664	0.0083	4.0842
665	0.0092	4.4977
666	0.0099	4.8724
667	0.0108	5.3063
668	0.0118	5.7558
669	0.0128	6.2757
670	0.0140	6.8624
671	0.0153	7.4756
672	0.0167	8.1594
673	0.0180	8.8250
674	0.0197	9.6686
675	0.0216	10.5904
676	0.0235	11.5321
677	0.0252	12.3505
678	0.0275	13.4648
679	0.0302	14.7851
680	0.0326	15.9595
681	0.0357	17.4630
682	0.0387	18.9684
683	0.0420	20.5582
684	0.0448	21.9362
685	0.0486	23.8176
686	0.0531	26.0067
687	0.0580	28.3852
688	0.0624	30.5496
689	0.0682	33.4032
690	0.0739	36.2140
691	0.0799	39.1085
692	0.0867	42.4452
693	0.0937	45.8688
694	0.1011	49.5054
695	0.1092	53.4890
696	0.1181	57.8286
697	0.1272	62.2971
698	0.1374	67.2794
699	0.1489	72.9006
700	0.1600	78.3598
701	0.1726	84.5369
702	0.1871	91.6169
703	0.1997	97.7915
704	0.2167	106.1225
705	0.2301	112.7031
706	0.2496	122.2368
707	0.2656	130.0719
708	0.2857	139.9069
709	0.3039	148.8183
710	0.3253	159.2921
711	0.3445	168.7274
712	0.3664	179.4201
713	0.3920	191.9703
714	0.4115	201.5037
715	0.4354	213.2276
716	0.4644	227.4393
717	0.4932	241.5362
718	0.5154	252.3865
719	0.5445	266.6671
720	0.5774	282.7388
721	0.6021	294.8647
722	0.6413	314.0610
723	0.6655	325.8888
724	0.7060	345.7518
725	0.7339	359.3835
726	0.7634	373.8301
727	0.7982	390.8876
728	0.8447	413.6698
729	0.8728	427.4412
730	0.9009	441.1769
731	0.9206	450.8503
732	0.9417	461.1469
733	0.9703	475.1580
734	0.9835	481.6156
735	1.0000	489.7182
736	0.9949	487.2328
737	0.9915	485.5407
738	0.9636	471.8760
739	0.9382	459.4517
740	0.8911	436.4109
741	0.8500	416.2822
742	0.7975	390.5381
743	0.7406	362.6699
744	0.6870	336.4366
745	0.6251	306.1268
746	0.5622	275.3041
747	0.5048	247.2006
748	0.4458	218.3000
749	0.3922	192.0622
750	0.3499	171.3435
751	0.3009	147.3451
752	0.2698	132.1299
753	0.2327	113.9346
754	0.2060	100.9062
755	0.1797	87.9952
756	0.1573	77.0270
757	0.1380	67.5847
758	0.1204	58.9400
759	0.1053	51.5446
760	0.0904	44.2854
761	0.0792	38.8080
762	0.0692	33.8722
763	0.0604	29.5913
764	0.0531	25.9905
765	0.0457	22.4011
766	0.0406	19.8910
767	0.0352	17.2543
768	0.0309	15.1210
769	0.0275	13.4605
770	0.0237	11.5958
771	0.0210	10.2891
772	0.0184	9.0089
773	0.0171	8.3927
774	0.0148	7.2711
775	0.0132	6.4878
776	0.0119	5.8451
777	0.0106	5.1979
778	0.0095	4.6351
779	0.0087	4.2611
780	0.0080	3.9014
781	0.0071	3.4974
782	0.0065	3.1600
783	0.0059	2.9004
784	0.0054	2.6210
785	0.0049	2.4216
786	0.0046	2.2446
787	0.0041	2.0003
788	0.0038	1.8406
789	0.0037	1.8242
790	0.0033	1.6271
791	0.0032	1.5815
792	0.0028	1.3635
793	0.0026	1.2899
794	0.0026	1.2840
795	0.0023	1.1267
796	0.0024	1.1715
797	0.0022	1.0618
798	0.0023	1.1173
799	0.0020	0.9938
800	0.0019	0.9229
