WL(nm)	PL	PE(mW/nm)
380	0.0378	0.9773
381	0.0401	1.0378
382	0.0391	1.0104
383	0.0405	1.0487
384	0.0421	1.0894
385	0.0447	1.1573
386	0.0436	1.1281
387	0.0449	1.1608
388	0.0431	1.1152
389	0.0476	1.2321
390	0.0473	1.2243
391	0.0481	1.2450
392	0.0505	1.3074
393	0.0488	1.2617
394	0.0504	1.3037
395	0.0530	1.3706
396	0.0523	1.3536
397	0.0540	1.3966
398	0.0552	1.4288
399	0.0553	1.4310
400	0.0574	1.4858
401	0.0584	1.5111
402	0.0589	1.5225
403	0.0605	1.5647
404	0.0616	1.5948
405	0.0633	1.6376
406	0.0649	1.6782
407	0.0652	1.6854
408	0.0672	1.7388
409	0.0676	1.7483
410	0.0696	1.7994
411	0.0699	1.8092
412	0.0724	1.8739
413	0.0727	1.8804
414	0.0737	1.9075
415	0.0750	1.9411
416	0.0761	1.9685
417	0.0788	2.0378
418	0.0797	2.0624
419	0.0801	2.0710
420	0.0816	2.1102
421	0.0829	2.1435
422	0.0846	2.1884
423	0.0855	2.2119
424	0.0882	2.2814
425	0.0881	2.2786
426	0.0894	2.3130
427	0.0914	2.3640
428	0.0930	2.4057
429	0.0932	2.4108
430	0.0959	2.4795
431	0.0977	2.5286
432	0.0990	2.5606
433	0.0997	2.5786
434	0.1030	2.6654
435	0.1041	2.6919
436	0.1050	2.7154
437	0.1054	2.7253
438	0.1090	2.8205
439	0.1093	2.8280
440	0.1114	2.8820
441	0.1137	2.9412
442	0.1151	2.9780
443	0.1154	2.9856
444	0.1187	3.0707
445	0.1206	3.1186
446	0.1216	3.1449
447	0.1245	3.2216
448	0.1251	3.2352
449	0.1261	3.2613
450	0.1288	3.3314
451	0.1310	3.3878
452	0.1318	3.4085
453	0.1334	3.4498
454	0.1351	3.4957
455	0.1377	3.5613
456	0.1400	3.6219
457	0.1390	3.5965
458	0.1429	3.6972
459	0.1464	3.7865
460	0.1469	3.8011
461	0.1478	3.8245
462	0.1505	3.8944
463	0.1534	3.9692
464	0.1532	3.9634
465	0.1569	4.0593
466	0.1588	4.1091
467	0.1588	4.1083
468	0.1612	4.1695
469	0.1656	4.2830
470	0.1664	4.3054
471	0.1694	4.3830
472	0.1711	4.4260
473	0.1740	4.5009
474	0.1749	4.5244
475	0.1783	4.6123
476	0.1791	4.6337
477	0.1819	4.7044
478	0.1833	4.7406
479	0.1853	4.7939
480	0.1884	4.8733
481	0.1885	4.8766
482	0.1918	4.9620
483	0.1952	5.0507
484	0.1950	5.0431
485	0.1989	5.1449
486	0.2012	5.2044
487	0.2055	5.3155
488	0.2066	5.3456
489	0.2083	5.3883
490	0.2114	5.4676
491	0.2126	5.5004
492	0.2138	5.5316
493	0.2179	5.6363
494	0.2190	5.6652
495	0.2203	5.6991
496	0.2232	5.7739
497	0.2265	5.8593
498	0.2263	5.8541
499	0.2325	6.0148
500	0.2340	6.0544
501	0.2325	6.0144
502	0.2366	6.1209
503	0.2406	6.2249
504	0.2432	6.2922
505	0.2460	6.3628
506	0.2471	6.3914
507	0.2507	6.4847
508	0.2531	6.5470
509	0.2556	6.6111
510	0.2565	6.6341
511	0.2602	6.7315
512	0.2591	6.7018
513	0.2642	6.8349
514	0.2670	6.9065
515	0.2697	6.9763
516	0.2697	6.9775
517	0.2744	7.0985
518	0.2775	7.1796
519	0.2837	7.3384
520	0.2831	7.3244
521	0.2828	7.3162
522	0.2904	7.5114
523	0.2879	7.4480
524	0.2928	7.5749
525	0.2948	7.6253
526	0.2977	7.6997
527	0.2980	7.7084
528	0.3037	7.8567
529	0.3038	7.8588
530	0.3062	7.9211
531	0.3106	8.0354
532	0.3138	8.1186
533	0.3181	8.2298
534	0.3187	8.2447
535	0.3207	8.2960
536	0.3230	8.3557
537	0.3254	8.4170
538	0.3278	8.4804
539	0.3329	8.6118
540	0.3358	8.6862
541	0.3392	8.7747
542	0.3366	8.7077
543	0.3443	8.9068
544	0.3437	8.8919
545	0.3501	9.0573
546	0.3498	9.0498
547	0.3545	9.1701
548	0.3569	9.2316
549	0.3618	9.3595
550	0.3611	9.3402
551	0.3647	9.4346
552	0.3673	9.5011
553	0.3690	9.5461
554	0.3747	9.6938
555	0.3781	9.7811
556	0.3782	9.7836
557	0.3807	9.8490
558	0.3826	9.8979
559	0.3908	10.1099
560	0.3868	10.0061
561	0.3938	10.1868
562	0.3933	10.1750
563	0.3961	10.2475
564	0.4008	10.3684
565	0.4032	10.4294
566	0.4095	10.5934
567	0.4095	10.5936
568	0.4128	10.6788
569	0.4177	10.8048
570	0.4162	10.7669
571	0.4208	10.8844
572	0.4226	10.9323
573	0.4230	10.9414
574	0.4250	10.9938
575	0.4330	11.2012
576	0.4350	11.2537
577	0.4368	11.2986
578	0.4406	11.3988
579	0.4425	11.4474
580	0.4465	11.5512
581	0.4517	11.6851
582	0.4506	11.6566
583	0.4559	11.7931
584	0.4604	11.9092
585	0.4566	11.8123
586	0.4617	11.9428
587	0.4670	12.0801
588	0.4664	12.0653
589	0.4718	12.2060
590	0.4728	12.2303
591	0.4769	12.3369
592	0.4815	12.4556
593	0.4826	12.4843
594	0.4834	12.5055
595	0.4889	12.6475
596	0.4917	12.7203
597	0.4920	12.7285
598	0.4933	12.7617
599	0.4980	12.8837
600	0.4996	12.9232
601	0.5097	13.1858
602	0.5080	13.1401
603	0.5124	13.2557
604	0.5154	13.3316
605	0.5175	13.3878
606	0.5194	13.4355
607	0.5243	13.5635
608	0.5241	13.5564
609	0.5277	13.6497
610	0.5335	13.7997
611	0.5346	13.8282
612	0.5360	13.8652
613	0.5387	13.9341
614	0.5437	14.0646
615	0.5457	14.1161
616	0.5502	14.2326
617	0.5499	14.2247
618	0.5542	14.3355
619	0.5581	14.4375
620	0.5604	14.4962
621	0.5635	14.5760
622	0.5683	14.7015
623	0.5690	14.7191
624	0.5752	14.8794
625	0.5764	14.9101
626	0.5786	14.9669
627	0.5802	15.0085
628	0.5800	15.0026
629	0.5859	15.1572
630	0.5911	15.2917
631	0.5928	15.3356
632	0.5970	15.4442
633	0.6006	15.5355
634	0.6009	15.5433
635	0.6014	15.5584
636	0.6089	15.7514
637	0.6149	15.9076
638	0.6126	15.8475
639	0.6142	15.8894
640	0.6135	15.8710
641	0.6217	16.0821
642	0.6177	15.9780
643	0.6256	16.1835
644	0.6255	16.1807
645	0.6334	16.3845
646	0.6311	16.3244
647	0.6361	16.4560
648	0.6330	16.3738
649	0.6392	16.5354
650	0.6418	16.6032
651	0.6410	16.5826
652	0.6468	16.7327
653	0.6526	16.8812
654	0.6560	16.9701
655	0.6642	17.1830
656	0.6648	17.1961
657	0.6627	17.1433
658	0.6652	17.2083
659	0.6697	17.3243
660	0.6717	17.3761
661	0.6719	17.3818
662	0.6805	17.6039
663	0.6742	17.4412
664	0.6794	17.5752
665	0.6872	17.7771
666	0.6852	17.7248
667	0.6847	17.7115
668	0.6896	17.8397
669	0.6955	17.9910
670	0.6934	17.9377
671	0.7008	18.1280
672	0.7046	18.2275
673	0.7027	18.1786
674	0.7070	18.2896
675	0.7106	18.3812
676	0.7173	18.5565
677	0.7116	18.4088
678	0.7193	18.6074
679	0.7258	18.7752
680	0.7244	18.7397
681	0.7270	18.8052
682	0.7235	18.7149
683	0.7330	18.9612
684	0.7349	19.0101
685	0.7352	19.0191
686	0.7437	19.2373
687	0.7421	19.1978
688	0.7520	19.4536
689	0.7469	19.3207
690	0.7472	19.3278
691	0.7543	19.5128
692	0.7557	19.5482
693	0.7547	19.5217
694	0.7584	19.6191
695	0.7670	19.8400
696	0.7628	19.7325
697	0.7588	19.6285
698	0.7699	19.9167
699	0.7724	19.9807
700	0.7790	20.1509
701	0.7771	20.1025
702	0.7800	20.1764
703	0.7785	20.1389
704	0.7820	20.2297
705	0.7850	20.3078
706	0.7872	20.3647
707	0.7899	20.4329
708	0.7876	20.3746
709	0.7977	20.6347
710	0.7969	20.6157
711	0.7919	20.4857
712	0.8022	20.7519
713	0.8067	20.8680
714	0.8103	20.9607
715	0.8166	21.1245
716	0.8117	20.9983
717	0.8194	21.1977
718	0.8191	21.1878
719	0.8213	21.2457
720	0.8145	21.0693
721	0.8283	21.4257
722	0.8259	21.3642
723	0.8228	21.2857
724	0.8348	21.5957
725	0.8328	21.5427
726	0.8389	21.7016
727	0.8253	21.3503
728	0.8470	21.9107
729	0.8438	21.8285
730	0.8444	21.8433
731	0.8373	21.6597
732	0.8604	22.2583
733	0.8482	21.9425
734	0.8573	22.1775
735	0.8408	21.7490
736	0.8508	22.0088
737	0.8475	21.9232
738	0.8706	22.5198
739	0.8611	22.2749
740	0.8685	22.4674
741	0.8735	22.5962
742	0.8574	22.1804
743	0.8755	22.6480
744	0.8685	22.4665
745	0.8790	22.7381
746	0.8758	22.6560
747	0.8797	22.7555
748	0.8822	22.8221
749	0.8873	22.9522
750	0.8825	22.8289
751	0.8795	22.7514
752	0.8944	23.1377
753	0.8996	23.2699
754	0.8899	23.0208
755	0.8975	23.2161
756	0.9016	23.3234
757	0.8970	23.2034
758	0.9002	23.2862
759	0.9138	23.6390
760	0.9164	23.7067
761	0.9019	23.3318
762	0.9218	23.8443
763	0.9119	23.5893
764	0.9142	23.6491
765	0.9217	23.8417
766	0.9023	23.3410
767	0.9157	23.6875
768	0.9126	23.6068
769	0.9255	23.9414
770	0.9152	23.6740
771	0.9314	24.0941
772	0.9294	24.0421
773	0.9251	23.9313
774	0.9273	23.9875
775	0.9363	24.2195
776	0.9232	23.8813
777	0.9387	24.2833
778	0.9318	24.1030
779	0.9409	24.3399
780	0.9340	24.1606
781	0.9509	24.5974
782	0.9463	24.4803
783	0.9477	24.5154
784	0.9376	24.2546
785	0.9512	24.6058
786	0.9388	24.2849
787	0.9433	24.4015
788	0.9488	24.5444
789	0.9799	25.3472
790	0.9567	24.7494
791	0.9440	24.4200
792	0.9522	24.6317
793	0.9641	24.9402
794	0.9712	25.1245
795	0.9618	24.8801
796	0.9727	25.1623
797	1.0000	25.8683
798	0.9797	25.3443
799	0.9752	25.2280
800	0.9604	24.8447
