WL(nm)	PL	PE(mW/nm)
380	0.0057	2.0107
381	0.0052	1.8307
382	0.0045	1.5900
383	0.0041	1.4455
384	0.0037	1.3037
385	0.0034	1.1962
386	0.0027	0.9659
387	0.0027	0.9566
388	0.0026	0.8971
389	0.0022	0.7748
390	0.0021	0.7489
391	0.0018	0.6472
392	0.0018	0.6308
393	0.0017	0.5851
394	0.0015	0.5135
395	0.0015	0.5408
396	0.0014	0.4975
397	0.0013	0.4717
398	0.0013	0.4584
399	0.0012	0.4183
400	0.0012	0.4248
401	0.0011	0.3926
402	0.0011	0.3892
403	0.0011	0.4037
404	0.0011	0.3709
405	0.0010	0.3623
406	0.0010	0.3626
407	0.0010	0.3669
408	0.0010	0.3649
409	0.0010	0.3621
410	0.0011	0.3826
411	0.0011	0.3742
412	0.0011	0.3901
413	0.0012	0.4317
414	0.0013	0.4549
415	0.0015	0.5105
416	0.0015	0.5349
417	0.0017	0.6035
418	0.0020	0.6899
419	0.0022	0.7797
420	0.0026	0.8966
421	0.0029	1.0362
422	0.0035	1.2148
423	0.0041	1.4428
424	0.0047	1.6647
425	0.0056	1.9796
426	0.0067	2.3370
427	0.0079	2.7698
428	0.0093	3.2780
429	0.0111	3.8824
430	0.0134	4.7173
431	0.0159	5.5872
432	0.0189	6.6325
433	0.0223	7.8522
434	0.0262	9.1902
435	0.0311	10.9378
436	0.0367	12.9112
437	0.0436	15.3248
438	0.0511	17.9432
439	0.0601	21.1325
440	0.0707	24.8442
441	0.0827	29.0476
442	0.0967	33.9834
443	0.1122	39.4130
444	0.1288	45.2487
445	0.1480	51.9843
446	0.1687	59.2831
447	0.1923	67.5700
448	0.2187	76.8422
449	0.2438	85.6491
450	0.2770	97.3172
451	0.3150	110.6764
452	0.3491	122.6697
453	0.3858	135.5510
454	0.4277	150.2531
455	0.4743	166.6251
456	0.5198	182.6398
457	0.5749	201.9777
458	0.6256	219.8062
459	0.6791	238.6122
460	0.7320	257.1753
461	0.7928	278.5550
462	0.8416	295.6914
463	0.8820	309.8911
464	0.9211	323.6203
465	0.9570	336.2279
466	0.9783	343.7077
467	1.0000	351.3424
468	0.9952	349.6521
469	0.9826	345.2381
470	0.9487	333.3025
471	0.9214	323.7410
472	0.8795	308.9893
473	0.8369	294.0379
474	0.7775	273.1822
475	0.7274	255.5649
476	0.6661	234.0408
477	0.6146	215.9423
478	0.5595	196.5852
479	0.5174	181.7895
480	0.4666	163.9439
481	0.4293	150.8254
482	0.3876	136.1969
483	0.3559	125.0491
484	0.3237	113.7438
485	0.2975	104.5376
486	0.2715	95.3902
487	0.2494	87.6151
488	0.2285	80.2817
489	0.2066	72.6007
490	0.1857	65.2356
491	0.1691	59.4257
492	0.1547	54.3588
493	0.1371	48.1649
494	0.1235	43.3892
495	0.1110	38.9950
496	0.1013	35.5756
497	0.0905	31.7842
498	0.0822	28.8641
499	0.0731	25.6965
500	0.0667	23.4335
501	0.0604	21.2214
502	0.0545	19.1464
503	0.0494	17.3482
504	0.0451	15.8359
505	0.0413	14.5259
506	0.0375	13.1819
507	0.0344	12.0788
508	0.0308	10.8278
509	0.0282	9.8954
510	0.0252	8.8669
511	0.0231	8.1057
512	0.0206	7.2271
513	0.0187	6.5810
514	0.0172	6.0489
515	0.0154	5.3959
516	0.0140	4.9195
517	0.0128	4.5101
518	0.0116	4.0799
519	0.0106	3.7377
520	0.0097	3.4150
521	0.0089	3.1199
522	0.0083	2.9136
523	0.0075	2.6322
524	0.0069	2.4206
525	0.0064	2.2624
526	0.0058	2.0542
527	0.0055	1.9348
528	0.0052	1.8131
529	0.0047	1.6565
530	0.0044	1.5478
531	0.0040	1.3978
532	0.0038	1.3332
533	0.0036	1.2545
534	0.0033	1.1747
535	0.0031	1.0873
536	0.0029	1.0274
537	0.0027	0.9635
538	0.0027	0.9337
539	0.0025	0.8734
540	0.0024	0.8322
541	0.0022	0.7735
542	0.0022	0.7624
543	0.0020	0.6925
544	0.0019	0.6805
545	0.0019	0.6732
546	0.0018	0.6279
547	0.0017	0.6107
548	0.0017	0.6077
549	0.0017	0.5939
550	0.0017	0.5874
551	0.0016	0.5542
552	0.0015	0.5301
553	0.0016	0.5565
554	0.0015	0.5343
555	0.0015	0.5220
556	0.0015	0.5316
557	0.0015	0.5218
558	0.0015	0.5407
559	0.0015	0.5401
560	0.0009	0.3109
561	0.0009	0.3291
562	0.0009	0.3256
563	0.0009	0.3289
564	0.0010	0.3513
565	0.0010	0.3369
566	0.0010	0.3682
567	0.0011	0.3938
568	0.0012	0.4078
569	0.0012	0.4355
570	0.0013	0.4669
571	0.0015	0.5143
572	0.0016	0.5451
573	0.0017	0.5989
574	0.0018	0.6339
575	0.0020	0.6926
576	0.0022	0.7769
577	0.0023	0.8132
578	0.0026	0.9307
579	0.0029	1.0088
580	0.0032	1.1342
581	0.0036	1.2785
582	0.0040	1.4051
583	0.0044	1.5487
584	0.0050	1.7738
585	0.0054	1.9134
586	0.0061	2.1264
587	0.0068	2.3917
588	0.0075	2.6373
589	0.0084	2.9662
590	0.0093	3.2696
591	0.0105	3.7047
592	0.0116	4.0924
593	0.0131	4.6124
594	0.0143	5.0265
595	0.0164	5.7497
596	0.0179	6.2820
597	0.0198	6.9628
598	0.0222	7.8100
599	0.0248	8.7247
600	0.0273	9.5771
601	0.0303	10.6397
602	0.0338	11.8748
603	0.0369	12.9673
604	0.0408	14.3196
605	0.0454	15.9389
606	0.0499	17.5392
607	0.0548	19.2430
608	0.0602	21.1643
609	0.0667	23.4303
610	0.0733	25.7366
611	0.0810	28.4420
612	0.0897	31.5118
613	0.0996	34.9789
614	0.1085	38.1380
615	0.1209	42.4751
616	0.1329	46.6934
617	0.1467	51.5329
618	0.1624	57.0657
619	0.1791	62.9333
620	0.1994	70.0580
621	0.2207	77.5390
622	0.2439	85.6947
623	0.2718	95.4958
624	0.2975	104.5072
625	0.3350	117.6831
626	0.3657	128.4723
627	0.4065	142.8292
628	0.4491	157.7810
629	0.4949	173.8657
630	0.5472	192.2450
631	0.5978	210.0400
632	0.6517	228.9637
633	0.7077	248.6379
634	0.7547	265.1467
635	0.8074	283.6833
636	0.8335	292.8440
637	0.8508	298.9253
638	0.8470	297.5758
639	0.8277	290.8067
640	0.7845	275.6374
641	0.7205	253.1416
642	0.6553	230.2255
643	0.5717	200.8742
644	0.4935	173.3830
645	0.4181	146.9030
646	0.3549	124.6944
647	0.2966	104.2194
648	0.2483	87.2418
649	0.2064	72.5085
650	0.1699	59.7022
651	0.1420	49.9061
652	0.1187	41.7179
653	0.0995	34.9720
654	0.0832	29.2257
655	0.0701	24.6170
656	0.0593	20.8408
657	0.0500	17.5839
658	0.0417	14.6364
659	0.0353	12.3929
660	0.0280	9.8426
661	0.0237	8.3204
662	0.0207	7.2812
663	0.0177	6.2077
664	0.0149	5.2428
665	0.0132	4.6346
666	0.0115	4.0398
667	0.0099	3.4879
668	0.0086	3.0279
669	0.0075	2.6194
670	0.0065	2.2837
671	0.0057	1.9907
672	0.0049	1.7368
673	0.0045	1.5835
674	0.0039	1.3538
675	0.0033	1.1584
676	0.0030	1.0596
677	0.0026	0.9225
678	0.0024	0.8493
679	0.0023	0.7995
680	0.0020	0.7105
681	0.0018	0.6496
682	0.0016	0.5706
683	0.0015	0.5256
684	0.0014	0.4973
685	0.0013	0.4518
686	0.0012	0.4211
687	0.0012	0.4170
688	0.0011	0.3891
689	0.0011	0.3930
690	0.0010	0.3400
691	0.0009	0.3197
692	0.0009	0.3176
693	0.0009	0.3227
694	0.0008	0.2973
695	0.0009	0.3017
696	0.0008	0.2747
697	0.0008	0.2782
698	0.0007	0.2578
699	0.0007	0.2634
700	0.0008	0.2653
701	0.0007	0.2358
702	0.0007	0.2443
703	0.0007	0.2319
704	0.0007	0.2404
705	0.0007	0.2318
706	0.0006	0.2101
707	0.0007	0.2396
708	0.0006	0.2187
709	0.0005	0.1884
710	0.0006	0.2115
711	0.0006	0.1999
712	0.0005	0.1915
713	0.0006	0.2014
714	0.0005	0.1721
715	0.0005	0.1798
716	0.0006	0.2059
717	0.0006	0.1948
718	0.0005	0.1926
719	0.0005	0.1899
720	0.0005	0.1768
721	0.0005	0.1654
722	0.0005	0.1782
723	0.0005	0.1676
724	0.0005	0.1887
725	0.0004	0.1514
726	0.0004	0.1535
727	0.0004	0.1560
728	0.0004	0.1443
729	0.0004	0.1545
730	0.0004	0.1372
731	0.0004	0.1467
732	0.0004	0.1453
733	0.0004	0.1429
734	0.0004	0.1285
735	0.0003	0.1181
736	0.0004	0.1375
737	0.0004	0.1362
738	0.0003	0.1148
739	0.0004	0.1345
740	0.0004	0.1521
741	0.0005	0.1686
742	0.0004	0.1410
743	0.0004	0.1299
744	0.0004	0.1267
745	0.0004	0.1491
746	0.0004	0.1354
747	0.0003	0.1171
748	0.0004	0.1253
749	0.0004	0.1266
750	0.0003	0.1054
751	0.0004	0.1254
752	0.0004	0.1288
753	0.0004	0.1460
754	0.0004	0.1385
755	0.0003	0.1218
756	0.0004	0.1374
757	0.0004	0.1508
758	0.0004	0.1479
759	0.0004	0.1440
760	0.0004	0.1335
761	0.0005	0.1760
762	0.0004	0.1316
763	0.0003	0.1058
764	0.0004	0.1349
765	0.0003	0.1218
766	0.0003	0.1164
767	0.0003	0.0976
768	0.0004	0.1365
769	0.0003	0.1154
770	0.0004	0.1315
771	0.0004	0.1578
772	0.0003	0.1200
773	0.0003	0.1205
774	0.0005	0.1584
775	0.0005	0.1838
776	0.0004	0.1441
777	0.0003	0.1034
778	0.0005	0.1762
779	0.0004	0.1526
780	0.0004	0.1460
781	0.0005	0.1671
782	0.0004	0.1395
783	0.0003	0.1146
784	0.0004	0.1244
785	0.0005	0.1768
786	0.0005	0.1864
787	0.0005	0.1917
788	0.0004	0.1533
789	0.0005	0.1749
790	0.0004	0.1339
791	0.0004	0.1393
792	0.0005	0.1620
793	0.0003	0.1081
794	0.0006	0.2174
795	0.0005	0.1675
796	0.0006	0.2054
797	0.0005	0.1598
798	0.0004	0.1280
799	0.0005	0.1645
800	0.0004	0.1444
