WL(nm)	PL	PE(mW/nm)
380	0.0000	0.0131
381	0.0000	0.0051
382	0.0000	0.0091
383	0.0000	0.0000
384	0.0000	0.0012
385	0.0000	0.0084
386	0.0000	0.0000
387	0.0000	0.0000
388	0.0000	0.0000
389	0.0000	0.0000
390	0.0000	0.0053
391	0.0000	0.0025
392	0.0000	0.0018
393	0.0000	0.0005
394	0.0000	0.0044
395	0.0000	0.0000
396	0.0000	0.0013
397	0.0000	0.0000
398	0.0000	0.0000
399	0.0000	0.0057
400	0.0000	0.0011
401	0.0000	0.0000
402	0.0000	0.0027
403	0.0000	0.0025
404	0.0000	0.0024
405	0.0000	0.0018
406	0.0000	0.0032
407	0.0000	0.0000
408	0.0000	0.0022
409	0.0000	0.0005
410	0.0000	0.0000
411	0.0000	0.0005
412	0.0000	0.0002
413	0.0000	0.0002
414	0.0000	0.0034
415	0.0000	0.0016
416	0.0000	0.0002
417	0.0000	0.0004
418	0.0000	0.0000
419	0.0000	0.0008
420	0.0000	0.0000
421	0.0000	0.0006
422	0.0000	0.0010
423	0.0000	0.0002
424	0.0000	0.0000
425	0.0000	0.0002
426	0.0000	0.0000
427	0.0000	0.0009
428	0.0000	0.0004
429	0.0000	0.0007
430	0.0000	0.0012
431	0.0000	0.0000
432	0.0000	0.0019
433	0.0000	0.0000
434	0.0000	0.0021
435	0.0000	0.0008
436	0.0000	0.0010
437	0.0000	0.0000
438	0.0000	0.0005
439	0.0000	0.0000
440	0.0000	0.0000
441	0.0000	0.0005
442	0.0000	0.0007
443	0.0000	0.0010
444	0.0000	0.0008
445	0.0000	0.0007
446	0.0000	0.0000
447	0.0000	0.0011
448	0.0000	0.0011
449	0.0000	0.0005
450	0.0000	0.0016
451	0.0000	0.0000
452	0.0000	0.0011
453	0.0000	0.0005
454	0.0000	0.0010
455	0.0000	0.0005
456	0.0000	0.0013
457	0.0000	0.0011
458	0.0000	0.0009
459	0.0000	0.0011
460	0.0000	0.0011
461	0.0000	0.0003
462	0.0000	0.0014
463	0.0000	0.0009
464	0.0000	0.0013
465	0.0000	0.0003
466	0.0000	0.0005
467	0.0000	0.0008
468	0.0000	0.0009
469	0.0000	0.0000
470	0.0000	0.0051
471	0.0000	0.0053
472	0.0000	0.0041
473	0.0000	0.0034
474	0.0000	0.0077
475	0.0000	0.0052
476	0.0000	0.0068
477	0.0000	0.0052
478	0.0000	0.0059
479	0.0000	0.0042
480	0.0000	0.0058
481	0.0000	0.0047
482	0.0000	0.0049
483	0.0000	0.0071
484	0.0000	0.0047
485	0.0000	0.0049
486	0.0000	0.0049
487	0.0000	0.0052
488	0.0000	0.0055
489	0.0000	0.0057
490	0.0000	0.0075
491	0.0000	0.0058
492	0.0000	0.0059
493	0.0000	0.0064
494	0.0000	0.0056
495	0.0000	0.0070
496	0.0000	0.0087
497	0.0000	0.0048
498	0.0000	0.0051
499	0.0000	0.0072
500	0.0000	0.0061
501	0.0000	0.0062
502	0.0000	0.0059
503	0.0000	0.0055
504	0.0000	0.0061
505	0.0000	0.0059
506	0.0000	0.0066
507	0.0000	0.0067
508	0.0000	0.0061
509	0.0000	0.0084
510	0.0000	0.0098
511	0.0000	0.0052
512	0.0000	0.0077
513	0.0000	0.0075
514	0.0000	0.0085
515	0.0000	0.0097
516	0.0000	0.0097
517	0.0000	0.0117
518	0.0000	0.0112
519	0.0000	0.0079
520	0.0000	0.0123
521	0.0000	0.0088
522	0.0000	0.0138
523	0.0000	0.0133
524	0.0000	0.0154
525	0.0000	0.0140
526	0.0001	0.0171
527	0.0000	0.0143
528	0.0001	0.0221
529	0.0001	0.0203
530	0.0001	0.0262
531	0.0001	0.0234
532	0.0001	0.0240
533	0.0001	0.0286
534	0.0001	0.0371
535	0.0001	0.0318
536	0.0001	0.0400
537	0.0001	0.0400
538	0.0001	0.0463
539	0.0001	0.0489
540	0.0001	0.0503
541	0.0002	0.0580
542	0.0002	0.0598
543	0.0002	0.0666
544	0.0002	0.0754
545	0.0002	0.0784
546	0.0003	0.0922
547	0.0003	0.1049
548	0.0003	0.1059
549	0.0004	0.1338
550	0.0004	0.1501
551	0.0005	0.1567
552	0.0005	0.1693
553	0.0006	0.1968
554	0.0006	0.2094
555	0.0007	0.2287
556	0.0008	0.2567
557	0.0009	0.2903
558	0.0009	0.3104
559	0.0011	0.3623
560	0.0013	0.4299
561	0.0014	0.4713
562	0.0016	0.5221
563	0.0017	0.5599
564	0.0018	0.6093
565	0.0020	0.6628
566	0.0022	0.7510
567	0.0024	0.8007
568	0.0026	0.8706
569	0.0029	0.9615
570	0.0032	1.0621
571	0.0035	1.1898
572	0.0036	1.2285
573	0.0041	1.3733
574	0.0045	1.5045
575	0.0048	1.6189
576	0.0052	1.7656
577	0.0058	1.9417
578	0.0062	2.0884
579	0.0067	2.2570
580	0.0073	2.4618
581	0.0079	2.6476
582	0.0086	2.8922
583	0.0093	3.1268
584	0.0102	3.4190
585	0.0107	3.5933
586	0.0119	4.0207
587	0.0130	4.3689
588	0.0140	4.7000
589	0.0151	5.0710
590	0.0163	5.4975
591	0.0174	5.8750
592	0.0193	6.5083
593	0.0207	6.9597
594	0.0224	7.5381
595	0.0242	8.1389
596	0.0260	8.7486
597	0.0282	9.4790
598	0.0304	10.2344
599	0.0329	11.0925
600	0.0355	11.9464
601	0.0381	12.8351
602	0.0409	13.7551
603	0.0443	14.9167
604	0.0477	16.0666
605	0.0510	17.1822
606	0.0552	18.5984
607	0.0596	20.0636
608	0.0645	21.7092
609	0.0686	23.0905
610	0.0736	24.7856
611	0.0800	26.9412
612	0.0858	28.8836
613	0.0913	30.7402
614	0.0989	33.2897
615	0.1063	35.7831
616	0.1136	38.2385
617	0.1216	40.9388
618	0.1307	44.0021
619	0.1398	47.0838
620	0.1500	50.5154
621	0.1606	54.0893
622	0.1716	57.7760
623	0.1821	61.3231
624	0.1960	65.9928
625	0.2096	70.5641
626	0.2235	75.2404
627	0.2364	79.5923
628	0.2542	85.6022
629	0.2698	90.8373
630	0.2873	96.7486
631	0.3084	103.8416
632	0.3253	109.5160
633	0.3453	116.2664
634	0.3692	124.3053
635	0.3911	131.6673
636	0.4163	140.1493
637	0.4407	148.3788
638	0.4673	157.3286
639	0.4952	166.7196
640	0.5252	176.8161
641	0.5529	186.1511
642	0.5855	197.1436
643	0.6250	210.4384
644	0.6562	220.9447
645	0.6890	231.9854
646	0.7277	244.9976
647	0.7598	255.8278
648	0.7973	268.4523
649	0.8346	280.9976
650	0.8655	291.4089
651	0.9042	304.4439
652	0.9225	310.6090
653	0.9488	319.4508
654	0.9690	326.2695
655	0.9836	331.1862
656	0.9919	333.9827
657	1.0000	336.6947
658	0.9892	333.0436
659	0.9755	328.4468
660	0.9504	319.9982
661	0.9087	305.9553
662	0.8658	291.5129
663	0.8221	276.7862
664	0.7603	255.9865
665	0.7022	236.4352
666	0.6414	215.9653
667	0.5736	193.1356
668	0.5124	172.5216
669	0.4514	151.9745
670	0.3975	133.8203
671	0.3464	116.6346
672	0.3021	101.7274
673	0.2637	88.7983
674	0.2282	76.8443
675	0.1974	66.4611
676	0.1693	56.9958
677	0.1471	49.5421
678	0.1262	42.4752
679	0.1082	36.4234
680	0.0935	31.4927
681	0.0812	27.3546
682	0.0699	23.5437
683	0.0607	20.4373
684	0.0529	17.8200
685	0.0458	15.4153
686	0.0392	13.1894
687	0.0348	11.7031
688	0.0302	10.1521
689	0.0262	8.8167
690	0.0227	7.6302
691	0.0199	6.6996
692	0.0175	5.8896
693	0.0155	5.2268
694	0.0136	4.5839
695	0.0121	4.0904
696	0.0107	3.6150
697	0.0093	3.1347
698	0.0085	2.8652
699	0.0075	2.5161
700	0.0068	2.2787
701	0.0061	2.0439
702	0.0054	1.8126
703	0.0048	1.6283
704	0.0043	1.4459
705	0.0040	1.3542
706	0.0037	1.2353
707	0.0033	1.1249
708	0.0029	0.9880
709	0.0028	0.9416
710	0.0025	0.8277
711	0.0024	0.8006
712	0.0022	0.7416
713	0.0020	0.6884
714	0.0018	0.6224
715	0.0019	0.6407
716	0.0018	0.5967
717	0.0015	0.5091
718	0.0016	0.5355
719	0.0015	0.4910
720	0.0014	0.4667
721	0.0013	0.4349
722	0.0012	0.4005
723	0.0012	0.4064
724	0.0012	0.4074
725	0.0012	0.4034
726	0.0011	0.3636
727	0.0010	0.3302
728	0.0011	0.3744
729	0.0010	0.3464
730	0.0010	0.3441
731	0.0009	0.3192
732	0.0010	0.3409
733	0.0010	0.3338
734	0.0009	0.3145
735	0.0009	0.2913
736	0.0009	0.2882
737	0.0010	0.3266
738	0.0009	0.3049
739	0.0009	0.3174
740	0.0009	0.3186
741	0.0010	0.3226
742	0.0009	0.2960
743	0.0010	0.3310
744	0.0009	0.3041
745	0.0009	0.2899
746	0.0009	0.3195
747	0.0010	0.3221
748	0.0010	0.3382
749	0.0010	0.3387
750	0.0009	0.3107
751	0.0009	0.3196
752	0.0010	0.3421
753	0.0009	0.2864
754	0.0009	0.3135
755	0.0010	0.3277
756	0.0010	0.3413
757	0.0010	0.3302
758	0.0010	0.3257
759	0.0010	0.3334
760	0.0010	0.3269
761	0.0010	0.3527
762	0.0010	0.3357
763	0.0010	0.3501
764	0.0011	0.3641
765	0.0012	0.3941
766	0.0010	0.3517
767	0.0010	0.3323
768	0.0011	0.3735
769	0.0011	0.3855
770	0.0012	0.3947
771	0.0010	0.3534
772	0.0011	0.3766
773	0.0011	0.3840
774	0.0012	0.4073
775	0.0011	0.3681
776	0.0011	0.3807
777	0.0013	0.4211
778	0.0012	0.4116
779	0.0012	0.4003
780	0.0013	0.4340
781	0.0012	0.4152
782	0.0013	0.4361
783	0.0011	0.3675
784	0.0012	0.3995
785	0.0013	0.4531
786	0.0014	0.4610
787	0.0013	0.4532
788	0.0013	0.4353
789	0.0013	0.4210
790	0.0014	0.4748
791	0.0015	0.5179
792	0.0015	0.5056
793	0.0014	0.4708
794	0.0015	0.5060
795	0.0015	0.5017
796	0.0016	0.5338
797	0.0014	0.4844
798	0.0015	0.5160
799	0.0015	0.5169
800	0.0016	0.5527
