WL(nm)	PL	PE(mW/nm)
380	0.0008	0.2929
381	0.0005	0.2118
382	0.0006	0.2159
383	0.0005	0.1759
384	0.0005	0.1838
385	0.0004	0.1715
386	0.0004	0.1545
387	0.0004	0.1667
388	0.0004	0.1406
389	0.0003	0.1174
390	0.0003	0.1055
391	0.0003	0.1107
392	0.0003	0.1018
393	0.0003	0.0990
394	0.0003	0.1080
395	0.0002	0.0903
396	0.0002	0.0905
397	0.0002	0.0750
398	0.0002	0.0731
399	0.0002	0.0786
400	0.0002	0.0765
401	0.0002	0.0717
402	0.0002	0.0761
403	0.0002	0.0705
404	0.0002	0.0655
405	0.0002	0.0624
406	0.0002	0.0621
407	0.0002	0.0652
408	0.0002	0.0603
409	0.0001	0.0554
410	0.0002	0.0580
411	0.0002	0.0602
412	0.0002	0.0603
413	0.0001	0.0535
414	0.0002	0.0587
415	0.0001	0.0541
416	0.0001	0.0505
417	0.0001	0.0502
418	0.0001	0.0475
419	0.0001	0.0505
420	0.0001	0.0489
421	0.0001	0.0473
422	0.0001	0.0462
423	0.0001	0.0487
424	0.0001	0.0489
425	0.0001	0.0433
426	0.0001	0.0467
427	0.0001	0.0465
428	0.0001	0.0453
429	0.0001	0.0457
430	0.0001	0.0478
431	0.0001	0.0484
432	0.0001	0.0481
433	0.0001	0.0462
434	0.0001	0.0465
435	0.0001	0.0422
436	0.0001	0.0431
437	0.0001	0.0489
438	0.0001	0.0502
439	0.0001	0.0510
440	0.0001	0.0546
441	0.0001	0.0522
442	0.0001	0.0546
443	0.0001	0.0572
444	0.0002	0.0614
445	0.0002	0.0651
446	0.0002	0.0684
447	0.0002	0.0782
448	0.0002	0.0820
449	0.0002	0.0844
450	0.0002	0.0884
451	0.0003	0.1031
452	0.0003	0.1159
453	0.0003	0.1321
454	0.0004	0.1418
455	0.0004	0.1558
456	0.0004	0.1693
457	0.0005	0.2015
458	0.0006	0.2186
459	0.0006	0.2423
460	0.0008	0.2917
461	0.0008	0.3256
462	0.0009	0.3563
463	0.0011	0.4236
464	0.0012	0.4626
465	0.0014	0.5407
466	0.0016	0.6095
467	0.0018	0.7096
468	0.0021	0.7920
469	0.0024	0.9271
470	0.0029	1.1217
471	0.0033	1.2620
472	0.0037	1.4439
473	0.0042	1.6296
474	0.0048	1.8370
475	0.0054	2.0703
476	0.0061	2.3476
477	0.0069	2.6560
478	0.0078	3.0047
479	0.0088	3.3864
480	0.0099	3.8270
481	0.0113	4.3595
482	0.0128	4.9398
483	0.0144	5.5407
484	0.0163	6.2873
485	0.0179	6.9148
486	0.0203	7.8090
487	0.0226	8.7036
488	0.0255	9.8124
489	0.0283	10.8858
490	0.0320	12.3161
491	0.0356	13.7140
492	0.0397	15.2827
493	0.0443	17.0535
494	0.0492	18.9488
495	0.0547	21.0884
496	0.0612	23.5947
497	0.0671	25.8597
498	0.0750	28.9080
499	0.0830	31.9879
500	0.0925	35.6437
501	0.1018	39.2126
502	0.1139	43.8878
503	0.1249	48.1338
504	0.1390	53.5589
505	0.1549	59.6601
506	0.1694	65.2785
507	0.1871	72.0833
508	0.2047	78.8617
509	0.2255	86.8850
510	0.2483	95.6433
511	0.2695	103.8228
512	0.2916	112.3460
513	0.3171	122.1773
514	0.3416	131.6036
515	0.3618	139.3944
516	0.3851	148.3492
517	0.4084	157.3489
518	0.4292	165.3366
519	0.4491	173.0240
520	0.4628	178.2823
521	0.4736	182.4682
522	0.4846	186.6960
523	0.4871	187.6732
524	0.4965	191.2884
525	0.4932	190.0119
526	0.4892	188.4480
527	0.4766	183.6070
528	0.4675	180.0860
529	0.4554	175.4459
530	0.4362	168.0485
531	0.4226	162.8036
532	0.4061	156.4521
533	0.3862	148.7803
534	0.3689	142.0991
535	0.3502	134.9056
536	0.3314	127.6875
537	0.3184	122.6697
538	0.3043	117.2502
539	0.2861	110.2200
540	0.2706	104.2325
541	0.2578	99.3313
542	0.2423	93.3302
543	0.2291	88.2677
544	0.2165	83.4037
545	0.2075	79.9431
546	0.1953	75.2502
547	0.1850	71.2655
548	0.1739	67.0137
549	0.1628	62.7044
550	0.1542	59.4078
551	0.1440	55.4847
552	0.1348	51.9350
553	0.1266	48.7589
554	0.1181	45.5050
555	0.1109	42.7403
556	0.1033	39.7913
557	0.0965	37.1722
558	0.0909	35.0005
559	0.0853	32.8425
560	0.0772	29.7296
561	0.0722	27.8226
562	0.0677	26.0956
563	0.0633	24.3724
564	0.0597	23.0174
565	0.0558	21.4990
566	0.0527	20.3133
567	0.0493	18.9846
568	0.0464	17.8750
569	0.0434	16.7224
570	0.0410	15.8000
571	0.0385	14.8470
572	0.0364	14.0142
573	0.0343	13.2081
574	0.0324	12.4971
575	0.0306	11.7729
576	0.0290	11.1846
577	0.0274	10.5514
578	0.0263	10.1177
579	0.0248	9.5598
580	0.0238	9.1761
581	0.0229	8.8125
582	0.0221	8.5160
583	0.0213	8.1971
584	0.0209	8.0400
585	0.0205	7.9069
586	0.0203	7.8139
587	0.0202	7.7894
588	0.0203	7.8333
589	0.0204	7.8505
590	0.0209	8.0626
591	0.0216	8.3215
592	0.0223	8.5753
593	0.0232	8.9539
594	0.0242	9.3269
595	0.0256	9.8533
596	0.0275	10.5848
597	0.0292	11.2463
598	0.0312	12.0127
599	0.0337	12.9637
600	0.0365	14.0750
601	0.0395	15.2235
602	0.0429	16.5336
603	0.0465	17.8972
604	0.0511	19.6957
605	0.0558	21.5058
606	0.0613	23.6103
607	0.0670	25.8266
608	0.0727	28.0197
609	0.0806	31.0696
610	0.0891	34.3078
611	0.0979	37.7092
612	0.1067	41.1203
613	0.1175	45.2839
614	0.1290	49.6983
615	0.1414	54.4764
616	0.1551	59.7424
617	0.1694	65.2791
618	0.1879	72.4062
619	0.2070	79.7293
620	0.2285	88.0206
621	0.2512	96.7715
622	0.2749	105.9152
623	0.3032	116.8179
624	0.3331	128.3206
625	0.3630	139.8599
626	0.3969	152.9194
627	0.4309	166.0021
628	0.4688	180.5885
629	0.5102	196.5663
630	0.5617	216.3990
631	0.6025	232.1215
632	0.6553	252.4677
633	0.7051	271.6415
634	0.7561	291.2678
635	0.8113	312.5366
636	0.8624	332.2328
637	0.9161	352.9125
638	0.9481	365.2474
639	0.9887	380.9019
640	1.0000	385.2485
641	0.9836	378.9302
642	0.9455	364.2444
643	0.8921	343.6613
644	0.8236	317.2723
645	0.7402	285.1496
646	0.6430	247.7269
647	0.5594	215.5153
648	0.4748	182.9258
649	0.4006	154.3261
650	0.3340	128.6710
651	0.2784	107.2699
652	0.2293	88.3427
653	0.1925	74.1667
654	0.1589	61.2273
655	0.1334	51.3834
656	0.1113	42.8932
657	0.0929	35.7784
658	0.0769	29.6125
659	0.0643	24.7840
660	0.0502	19.3542
661	0.0418	16.1051
662	0.0351	13.5207
663	0.0298	11.4683
664	0.0253	9.7352
665	0.0216	8.3206
666	0.0184	7.0857
667	0.0162	6.2241
668	0.0140	5.4094
669	0.0119	4.5926
670	0.0102	3.9423
671	0.0090	3.4617
672	0.0077	2.9505
673	0.0068	2.6298
674	0.0059	2.2853
675	0.0053	2.0360
676	0.0046	1.7592
677	0.0040	1.5475
678	0.0037	1.4198
679	0.0032	1.2406
680	0.0028	1.0885
681	0.0026	1.0209
682	0.0024	0.9145
683	0.0021	0.8134
684	0.0020	0.7533
685	0.0018	0.6972
686	0.0017	0.6671
687	0.0016	0.6101
688	0.0014	0.5522
689	0.0014	0.5417
690	0.0013	0.5044
691	0.0012	0.4705
692	0.0012	0.4528
693	0.0011	0.4171
694	0.0011	0.4112
695	0.0010	0.3764
696	0.0009	0.3606
697	0.0009	0.3614
698	0.0009	0.3451
699	0.0008	0.3196
700	0.0009	0.3379
701	0.0008	0.3078
702	0.0008	0.3056
703	0.0008	0.2967
704	0.0008	0.2903
705	0.0008	0.2913
706	0.0007	0.2797
707	0.0007	0.2647
708	0.0007	0.2658
709	0.0007	0.2526
710	0.0007	0.2680
711	0.0007	0.2513
712	0.0007	0.2640
713	0.0006	0.2337
714	0.0006	0.2504
715	0.0006	0.2214
716	0.0006	0.2234
717	0.0005	0.2053
718	0.0006	0.2385
719	0.0006	0.2196
720	0.0006	0.2140
721	0.0006	0.2360
722	0.0005	0.2033
723	0.0005	0.1983
724	0.0005	0.2030
725	0.0005	0.2061
726	0.0005	0.1962
727	0.0005	0.2107
728	0.0005	0.2034
729	0.0005	0.1890
730	0.0005	0.1824
731	0.0005	0.1922
732	0.0004	0.1710
733	0.0005	0.1920
734	0.0005	0.2028
735	0.0005	0.2059
736	0.0005	0.1762
737	0.0005	0.1914
738	0.0005	0.2100
739	0.0005	0.1964
740	0.0004	0.1686
741	0.0005	0.1971
742	0.0005	0.1745
743	0.0005	0.1816
744	0.0005	0.1774
745	0.0005	0.1774
746	0.0005	0.1770
747	0.0005	0.1743
748	0.0005	0.1871
749	0.0005	0.1737
750	0.0005	0.1846
751	0.0005	0.2012
752	0.0005	0.1935
753	0.0005	0.1925
754	0.0006	0.2132
755	0.0005	0.1927
756	0.0005	0.1932
757	0.0005	0.1916
758	0.0005	0.1807
759	0.0005	0.1811
760	0.0006	0.2356
761	0.0005	0.1987
762	0.0006	0.2224
763	0.0005	0.1967
764	0.0005	0.2064
765	0.0005	0.1888
766	0.0006	0.2273
767	0.0005	0.1948
768	0.0005	0.1874
769	0.0005	0.2034
770	0.0006	0.2209
771	0.0006	0.2155
772	0.0005	0.2008
773	0.0006	0.2200
774	0.0005	0.1999
775	0.0007	0.2655
776	0.0005	0.1923
777	0.0006	0.2481
778	0.0006	0.2368
779	0.0007	0.2690
780	0.0007	0.2671
781	0.0006	0.2389
782	0.0006	0.2152
783	0.0006	0.2501
784	0.0008	0.2936
785	0.0007	0.2513
786	0.0007	0.2753
787	0.0007	0.2735
788	0.0006	0.2264
789	0.0006	0.2480
790	0.0006	0.2489
791	0.0007	0.2562
792	0.0007	0.2889
793	0.0007	0.2560
794	0.0007	0.2599
795	0.0007	0.2515
796	0.0009	0.3309
797	0.0008	0.2953
798	0.0007	0.2757
799	0.0008	0.2897
800	0.0008	0.2951
