WL(nm)	PL	PE(mW/nm)
380	0.0000	0.0112
381	0.0000	0.0179
382	0.0000	0.0244
383	0.0000	0.0026
384	0.0000	0.0094
385	0.0000	0.0082
386	0.0000	0.0115
387	0.0000	0.0000
388	0.0000	0.0032
389	0.0000	0.0048
390	0.0000	0.0045
391	0.0000	0.0024
392	0.0000	0.0022
393	0.0000	0.0056
394	0.0000	0.0039
395	0.0000	0.0060
396	0.0000	0.0034
397	0.0000	0.0008
398	0.0000	0.0000
399	0.0000	0.0075
400	0.0000	0.0045
401	0.0000	0.0057
402	0.0000	0.0022
403	0.0000	0.0056
404	0.0000	0.0000
405	0.0000	0.0029
406	0.0000	0.0027
407	0.0000	0.0003
408	0.0000	0.0015
409	0.0000	0.0023
410	0.0000	0.0046
411	0.0000	0.0000
412	0.0000	0.0016
413	0.0000	0.0027
414	0.0000	0.0017
415	0.0000	0.0034
416	0.0000	0.0015
417	0.0000	0.0004
418	0.0000	0.0034
419	0.0000	0.0028
420	0.0000	0.0018
421	0.0000	0.0025
422	0.0000	0.0028
423	0.0000	0.0015
424	0.0000	0.0018
425	0.0000	0.0016
426	0.0000	0.0048
427	0.0000	0.0016
428	0.0000	0.0010
429	0.0000	0.0022
430	0.0000	0.0024
431	0.0000	0.0025
432	0.0000	0.0027
433	0.0000	0.0010
434	0.0000	0.0016
435	0.0000	0.0024
436	0.0000	0.0005
437	0.0000	0.0016
438	0.0000	0.0013
439	0.0000	0.0027
440	0.0000	0.0011
441	0.0000	0.0025
442	0.0000	0.0025
443	0.0000	0.0011
444	0.0000	0.0020
445	0.0000	0.0023
446	0.0000	0.0005
447	0.0000	0.0020
448	0.0000	0.0012
449	0.0000	0.0028
450	0.0000	0.0034
451	0.0000	0.0015
452	0.0000	0.0015
453	0.0000	0.0017
454	0.0000	0.0035
455	0.0000	0.0024
456	0.0000	0.0018
457	0.0000	0.0023
458	0.0000	0.0012
459	0.0000	0.0015
460	0.0000	0.0012
461	0.0000	0.0021
462	0.0000	0.0018
463	0.0000	0.0036
464	0.0000	0.0025
465	0.0000	0.0027
466	0.0000	0.0021
467	0.0000	0.0011
468	0.0000	0.0023
469	0.0000	0.0015
470	0.0000	0.0089
471	0.0000	0.0088
472	0.0000	0.0115
473	0.0000	0.0081
474	0.0000	0.0099
475	0.0000	0.0096
476	0.0000	0.0091
477	0.0000	0.0087
478	0.0000	0.0114
479	0.0000	0.0095
480	0.0000	0.0094
481	0.0000	0.0132
482	0.0000	0.0111
483	0.0000	0.0099
484	0.0000	0.0097
485	0.0000	0.0088
486	0.0000	0.0096
487	0.0000	0.0106
488	0.0000	0.0083
489	0.0000	0.0084
490	0.0000	0.0087
491	0.0000	0.0088
492	0.0000	0.0104
493	0.0000	0.0096
494	0.0000	0.0092
495	0.0000	0.0087
496	0.0000	0.0117
497	0.0000	0.0117
498	0.0000	0.0094
499	0.0000	0.0113
500	0.0000	0.0103
501	0.0000	0.0112
502	0.0000	0.0108
503	0.0000	0.0101
504	0.0000	0.0114
505	0.0000	0.0115
506	0.0000	0.0097
507	0.0000	0.0115
508	0.0000	0.0136
509	0.0000	0.0130
510	0.0000	0.0116
511	0.0000	0.0128
512	0.0000	0.0113
513	0.0000	0.0122
514	0.0000	0.0102
515	0.0000	0.0131
516	0.0000	0.0145
517	0.0000	0.0170
518	0.0000	0.0129
519	0.0000	0.0177
520	0.0000	0.0145
521	0.0000	0.0176
522	0.0000	0.0147
523	0.0000	0.0169
524	0.0000	0.0209
525	0.0000	0.0218
526	0.0000	0.0192
527	0.0000	0.0197
528	0.0001	0.0264
529	0.0001	0.0262
530	0.0001	0.0326
531	0.0001	0.0273
532	0.0001	0.0352
533	0.0001	0.0379
534	0.0001	0.0368
535	0.0001	0.0459
536	0.0001	0.0448
537	0.0001	0.0483
538	0.0001	0.0544
539	0.0001	0.0596
540	0.0001	0.0613
541	0.0001	0.0713
542	0.0001	0.0732
543	0.0002	0.0840
544	0.0002	0.0908
545	0.0002	0.1058
546	0.0002	0.1101
547	0.0003	0.1284
548	0.0003	0.1401
549	0.0003	0.1500
550	0.0003	0.1610
551	0.0004	0.1939
552	0.0004	0.2203
553	0.0005	0.2291
554	0.0005	0.2619
555	0.0006	0.3038
556	0.0006	0.3250
557	0.0007	0.3587
558	0.0008	0.4085
559	0.0009	0.4598
560	0.0011	0.5710
561	0.0012	0.5942
562	0.0013	0.6436
563	0.0015	0.7312
564	0.0016	0.7932
565	0.0017	0.8651
566	0.0019	0.9485
567	0.0021	1.0405
568	0.0023	1.1493
569	0.0025	1.2569
570	0.0027	1.3552
571	0.0030	1.5035
572	0.0033	1.6623
573	0.0036	1.8299
574	0.0039	1.9631
575	0.0042	2.1124
576	0.0048	2.3876
577	0.0052	2.5936
578	0.0056	2.8213
579	0.0062	3.1316
580	0.0068	3.3986
581	0.0074	3.7142
582	0.0080	4.0086
583	0.0088	4.4263
584	0.0095	4.7750
585	0.0104	5.2395
586	0.0113	5.6541
587	0.0123	6.1836
588	0.0136	6.8202
589	0.0149	7.4604
590	0.0161	8.0889
591	0.0176	8.8416
592	0.0191	9.5831
593	0.0209	10.5153
594	0.0226	11.3315
595	0.0243	12.1932
596	0.0268	13.4388
597	0.0291	14.6316
598	0.0315	15.8065
599	0.0340	17.0628
600	0.0372	18.6787
601	0.0400	20.0970
602	0.0439	22.0551
603	0.0476	23.9255
604	0.0517	25.9492
605	0.0558	28.0108
606	0.0603	30.3150
607	0.0652	32.7345
608	0.0704	35.3512
609	0.0765	38.4200
610	0.0826	41.5190
611	0.0892	44.8034
612	0.0963	48.3598
613	0.1042	52.3403
614	0.1117	56.1201
615	0.1206	60.5877
616	0.1304	65.5087
617	0.1409	70.7651
618	0.1517	76.2164
619	0.1634	82.0667
620	0.1767	88.7575
621	0.1910	95.9394
622	0.2049	102.9531
623	0.2205	110.7539
624	0.2350	118.0670
625	0.2521	126.6600
626	0.2701	135.6978
627	0.2901	145.7571
628	0.3096	155.5081
629	0.3322	166.8978
630	0.3564	179.0511
631	0.3844	193.1235
632	0.4056	203.7663
633	0.4328	217.4190
634	0.4638	233.0062
635	0.4961	249.2463
636	0.5290	265.7685
637	0.5590	280.8374
638	0.5901	296.4381
639	0.6304	316.7092
640	0.6688	335.9751
641	0.7072	355.2803
642	0.7525	378.0153
643	0.7867	395.1996
644	0.8247	414.2944
645	0.8599	432.0033
646	0.8980	451.1041
647	0.9324	468.4215
648	0.9514	477.9733
649	0.9758	490.2231
650	0.9882	496.4308
651	1.0000	502.3661
652	0.9931	498.8991
653	0.9794	492.0160
654	0.9461	475.3083
655	0.9236	464.0088
656	0.8717	437.9212
657	0.8183	411.0693
658	0.7504	376.9891
659	0.6806	341.8957
660	0.5961	299.4460
661	0.5299	266.2086
662	0.4678	234.9910
663	0.4051	203.5214
664	0.3509	176.3028
665	0.3022	151.8123
666	0.2620	131.6326
667	0.2233	112.1811
668	0.1911	96.0061
669	0.1620	81.3782
670	0.1390	69.8039
671	0.1187	59.6156
672	0.1023	51.3745
673	0.0879	44.1745
674	0.0747	37.5421
675	0.0648	32.5604
676	0.0554	27.8191
677	0.0481	24.1762
678	0.0419	21.0340
679	0.0360	18.1097
680	0.0309	15.5225
681	0.0268	13.4662
682	0.0229	11.5189
683	0.0204	10.2384
684	0.0180	9.0531
685	0.0156	7.8410
686	0.0137	6.8664
687	0.0120	6.0434
688	0.0105	5.2817
689	0.0094	4.7216
690	0.0083	4.1922
691	0.0073	3.6922
692	0.0065	3.2566
693	0.0059	2.9436
694	0.0052	2.6021
695	0.0047	2.3624
696	0.0042	2.1021
697	0.0039	1.9639
698	0.0034	1.7130
699	0.0031	1.5517
700	0.0028	1.3994
701	0.0026	1.3034
702	0.0023	1.1589
703	0.0021	1.0787
704	0.0020	1.0110
705	0.0019	0.9526
706	0.0018	0.9023
707	0.0016	0.8162
708	0.0015	0.7547
709	0.0014	0.7044
710	0.0014	0.6984
711	0.0013	0.6450
712	0.0012	0.5862
713	0.0012	0.5956
714	0.0011	0.5550
715	0.0010	0.5192
716	0.0011	0.5323
717	0.0010	0.5011
718	0.0010	0.4820
719	0.0010	0.4782
720	0.0009	0.4563
721	0.0010	0.4840
722	0.0009	0.4396
723	0.0008	0.4193
724	0.0008	0.4144
725	0.0008	0.4073
726	0.0007	0.3710
727	0.0008	0.4163
728	0.0008	0.4245
729	0.0007	0.3682
730	0.0008	0.3841
731	0.0008	0.3969
732	0.0008	0.3809
733	0.0007	0.3760
734	0.0008	0.3836
735	0.0007	0.3609
736	0.0008	0.3800
737	0.0007	0.3663
738	0.0007	0.3490
739	0.0007	0.3567
740	0.0008	0.3801
741	0.0007	0.3557
742	0.0007	0.3642
743	0.0008	0.4040
744	0.0007	0.3698
745	0.0007	0.3599
746	0.0008	0.4238
747	0.0007	0.3527
748	0.0008	0.3827
749	0.0008	0.3856
750	0.0007	0.3631
751	0.0008	0.4231
752	0.0008	0.4075
753	0.0008	0.4189
754	0.0007	0.3639
755	0.0008	0.3825
756	0.0008	0.4255
757	0.0008	0.4263
758	0.0008	0.4108
759	0.0008	0.3877
760	0.0009	0.4334
761	0.0010	0.4830
762	0.0009	0.4435
763	0.0009	0.4398
764	0.0009	0.4504
765	0.0008	0.4261
766	0.0009	0.4597
767	0.0010	0.5065
768	0.0009	0.4341
769	0.0009	0.4458
770	0.0008	0.4223
771	0.0009	0.4637
772	0.0010	0.5003
773	0.0009	0.4566
774	0.0010	0.5032
775	0.0010	0.5017
776	0.0010	0.5112
777	0.0010	0.5161
778	0.0010	0.5048
779	0.0010	0.5171
780	0.0010	0.4957
781	0.0011	0.5355
782	0.0010	0.5190
783	0.0010	0.4970
784	0.0012	0.5858
785	0.0012	0.6044
786	0.0012	0.6092
787	0.0013	0.6539
788	0.0011	0.5641
789	0.0013	0.6293
790	0.0011	0.5623
791	0.0013	0.6541
792	0.0012	0.5892
793	0.0013	0.6660
794	0.0013	0.6586
795	0.0012	0.6168
796	0.0013	0.6483
797	0.0014	0.6843
798	0.0014	0.6785
799	0.0014	0.7279
800	0.0014	0.6962
