WL(nm)	PL	PE(mW/nm)
380	0.0050	0.7371
381	0.0045	0.6586
382	0.0039	0.5733
383	0.0036	0.5271
384	0.0033	0.4842
385	0.0032	0.4782
386	0.0029	0.4202
387	0.0028	0.4058
388	0.0027	0.3949
389	0.0026	0.3804
390	0.0024	0.3548
391	0.0022	0.3169
392	0.0022	0.3212
393	0.0021	0.3123
394	0.0021	0.3062
395	0.0019	0.2862
396	0.0020	0.3016
397	0.0021	0.3085
398	0.0023	0.3381
399	0.0024	0.3561
400	0.0027	0.3920
401	0.0030	0.4351
402	0.0035	0.5095
403	0.0039	0.5712
404	0.0046	0.6796
405	0.0054	0.7914
406	0.0065	0.9526
407	0.0077	1.1285
408	0.0090	1.3288
409	0.0111	1.6364
410	0.0137	2.0122
411	0.0165	2.4328
412	0.0200	2.9409
413	0.0234	3.4475
414	0.0285	4.1969
415	0.0338	4.9729
416	0.0398	5.8575
417	0.0476	7.0090
418	0.0557	8.1976
419	0.0662	9.7432
420	0.0765	11.2702
421	0.0894	13.1632
422	0.1022	15.0577
423	0.1199	17.6623
424	0.1380	20.3265
425	0.1581	23.2798
426	0.1761	25.9317
427	0.1995	29.3863
428	0.2229	32.8318
429	0.2504	36.8769
430	0.2790	41.0876
431	0.3090	45.5070
432	0.3390	49.9354
433	0.3680	54.2015
434	0.4048	59.6186
435	0.4406	64.8945
436	0.4731	69.6736
437	0.5110	75.2638
438	0.5510	81.1459
439	0.6013	88.5674
440	0.6432	94.7348
441	0.7084	104.3361
442	0.7564	111.4082
443	0.8121	119.6080
444	0.8722	128.4569
445	0.9228	135.9103
446	0.9584	141.1568
447	0.9876	145.4520
448	0.9980	146.9948
449	1.0000	147.2835
450	0.9798	144.3054
451	0.9338	137.5311
452	0.8853	130.3952
453	0.8283	121.9903
454	0.7461	109.8867
455	0.6702	98.7111
456	0.6043	89.0048
457	0.5423	79.8726
458	0.4906	72.2521
459	0.4446	65.4871
460	0.4067	59.9005
461	0.3774	55.5797
462	0.3510	51.6929
463	0.3295	48.5235
464	0.3043	44.8220
465	0.2873	42.3192
466	0.2668	39.2918
467	0.2476	36.4652
468	0.2300	33.8777
469	0.2121	31.2356
470	0.1922	28.3059
471	0.1778	26.1905
472	0.1647	24.2638
473	0.1517	22.3499
474	0.1410	20.7626
475	0.1323	19.4842
476	0.1264	18.6227
477	0.1213	17.8593
478	0.1168	17.1960
479	0.1122	16.5197
480	0.1105	16.2739
481	0.1074	15.8139
482	0.1070	15.7550
483	0.1048	15.4371
484	0.1047	15.4244
485	0.1031	15.1808
486	0.1031	15.1821
487	0.1039	15.3000
488	0.1052	15.4991
489	0.1070	15.7569
490	0.1110	16.3445
491	0.1138	16.7661
492	0.1195	17.6057
493	0.1243	18.3075
494	0.1308	19.2608
495	0.1385	20.3981
496	0.1458	21.4738
497	0.1538	22.6510
498	0.1630	24.0074
499	0.1735	25.5522
500	0.1827	26.9062
501	0.1913	28.1789
502	0.2036	29.9872
503	0.2132	31.4005
504	0.2259	33.2709
505	0.2379	35.0376
506	0.2483	36.5744
507	0.2595	38.2182
508	0.2706	39.8521
509	0.2837	41.7899
510	0.2973	43.7921
511	0.3077	45.3229
512	0.3170	46.6831
513	0.3301	48.6251
514	0.3416	50.3194
515	0.3494	51.4629
516	0.3600	53.0159
517	0.3711	54.6497
518	0.3798	55.9341
519	0.3918	57.7023
520	0.3999	58.8931
521	0.4065	59.8643
522	0.4148	61.0901
523	0.4198	61.8316
524	0.4348	64.0369
525	0.4390	64.6627
526	0.4460	65.6879
527	0.4470	65.8320
528	0.4544	66.9237
529	0.4586	67.5510
530	0.4628	68.1687
531	0.4689	69.0666
532	0.4751	69.9790
533	0.4760	70.1025
534	0.4803	70.7460
535	0.4805	70.7663
536	0.4816	70.9296
537	0.4896	72.1034
538	0.4927	72.5622
539	0.4928	72.5759
540	0.4924	72.5275
541	0.4991	73.5129
542	0.4942	72.7872
543	0.4951	72.9173
544	0.4949	72.8976
545	0.5012	73.8193
546	0.4998	73.6064
547	0.5013	73.8333
548	0.5016	73.8741
549	0.4992	73.5226
550	0.5017	73.8854
551	0.5000	73.6478
552	0.5001	73.6618
553	0.5009	73.7711
554	0.4983	73.3950
555	0.4992	73.5203
556	0.4990	73.4878
557	0.4959	73.0406
558	0.4965	73.1240
559	0.4974	73.2528
560	0.4917	72.4194
561	0.4903	72.2059
562	0.4887	71.9752
563	0.4842	71.3081
564	0.4878	71.8443
565	0.4847	71.3925
566	0.4845	71.3608
567	0.4809	70.8251
568	0.4823	71.0392
569	0.4789	70.5323
570	0.4781	70.4210
571	0.4758	70.0715
572	0.4743	69.8632
573	0.4720	69.5105
574	0.4704	69.2892
575	0.4647	68.4394
576	0.4631	68.2082
577	0.4622	68.0711
578	0.4588	67.5781
579	0.4560	67.1677
580	0.4504	66.3398
581	0.4469	65.8221
582	0.4433	65.2964
583	0.4428	65.2145
584	0.4371	64.3746
585	0.4321	63.6476
586	0.4309	63.4640
587	0.4259	62.7284
588	0.4249	62.5752
589	0.4207	61.9678
590	0.4155	61.1972
591	0.4120	60.6819
592	0.4082	60.1238
593	0.4034	59.4191
594	0.3997	58.8726
595	0.3947	58.1259
596	0.3917	57.6882
597	0.3858	56.8188
598	0.3838	56.5231
599	0.3806	56.0499
600	0.3747	55.1867
601	0.3699	54.4788
602	0.3658	53.8727
603	0.3570	52.5851
604	0.3548	52.2612
605	0.3529	51.9699
606	0.3477	51.2126
607	0.3434	50.5760
608	0.3373	49.6851
609	0.3326	48.9937
610	0.3296	48.5465
611	0.3269	48.1439
612	0.3202	47.1556
613	0.3165	46.6208
614	0.3100	45.6647
615	0.3059	45.0568
616	0.3020	44.4790
617	0.2954	43.5097
618	0.2919	42.9920
619	0.2886	42.5036
620	0.2851	41.9833
621	0.2787	41.0551
622	0.2726	40.1423
623	0.2691	39.6320
624	0.2686	39.5573
625	0.2600	38.2968
626	0.2561	37.7245
627	0.2511	36.9812
628	0.2469	36.3603
629	0.2418	35.6179
630	0.2403	35.3899
631	0.2327	34.2735
632	0.2309	34.0037
633	0.2258	33.2588
634	0.2198	32.3745
635	0.2170	31.9606
636	0.2135	31.4404
637	0.2094	30.8412
638	0.2045	30.1179
639	0.2031	29.9167
640	0.1988	29.2851
641	0.1937	28.5227
642	0.1884	27.7450
643	0.1857	27.3575
644	0.1831	26.9642
645	0.1799	26.4974
646	0.1736	25.5679
647	0.1719	25.3182
648	0.1682	24.7730
649	0.1650	24.2985
650	0.1613	23.7588
651	0.1600	23.5588
652	0.1542	22.7176
653	0.1502	22.1210
654	0.1476	21.7355
655	0.1448	21.3232
656	0.1411	20.7770
657	0.1385	20.3960
658	0.1360	20.0305
659	0.1319	19.4216
660	0.1280	18.8590
661	0.1254	18.4625
662	0.1213	17.8643
663	0.1195	17.6059
664	0.1163	17.1356
665	0.1141	16.8089
666	0.1116	16.4376
667	0.1093	16.0927
668	0.1071	15.7687
669	0.1047	15.4140
670	0.1025	15.1037
671	0.0993	14.6324
672	0.0963	14.1809
673	0.0955	14.0593
674	0.0931	13.7071
675	0.0908	13.3772
676	0.0884	13.0253
677	0.0864	12.7322
678	0.0843	12.4140
679	0.0816	12.0242
680	0.0808	11.9051
681	0.0782	11.5119
682	0.0764	11.2589
683	0.0748	11.0207
684	0.0736	10.8430
685	0.0720	10.6009
686	0.0697	10.2607
687	0.0680	10.0187
688	0.0663	9.7625
689	0.0649	9.5564
690	0.0638	9.4013
691	0.0615	9.0524
692	0.0593	8.7353
693	0.0586	8.6249
694	0.0576	8.4781
695	0.0551	8.1208
696	0.0542	7.9842
697	0.0532	7.8336
698	0.0523	7.7089
699	0.0505	7.4362
700	0.0493	7.2642
701	0.0475	7.0007
702	0.0465	6.8537
703	0.0461	6.7855
704	0.0443	6.5203
705	0.0429	6.3200
706	0.0425	6.2601
707	0.0405	5.9658
708	0.0396	5.8261
709	0.0383	5.6426
710	0.0379	5.5825
711	0.0372	5.4755
712	0.0361	5.3136
713	0.0357	5.2610
714	0.0350	5.1596
715	0.0335	4.9317
716	0.0322	4.7384
717	0.0316	4.6479
718	0.0308	4.5348
719	0.0306	4.5081
720	0.0293	4.3147
721	0.0290	4.2676
722	0.0279	4.1019
723	0.0273	4.0270
724	0.0268	3.9405
725	0.0268	3.9437
726	0.0251	3.6964
727	0.0255	3.7488
728	0.0237	3.4963
729	0.0237	3.4976
730	0.0230	3.3901
731	0.0223	3.2847
732	0.0217	3.1981
733	0.0213	3.1419
734	0.0205	3.0128
735	0.0202	2.9815
736	0.0187	2.7564
737	0.0189	2.7855
738	0.0186	2.7427
739	0.0185	2.7288
740	0.0176	2.5988
741	0.0174	2.5667
742	0.0164	2.4107
743	0.0165	2.4241
744	0.0161	2.3685
745	0.0157	2.3168
746	0.0153	2.2504
747	0.0143	2.1112
748	0.0142	2.0927
749	0.0140	2.0677
750	0.0140	2.0554
751	0.0131	1.9244
752	0.0127	1.8700
753	0.0129	1.8956
754	0.0123	1.8170
755	0.0119	1.7584
756	0.0119	1.7569
757	0.0114	1.6803
758	0.0110	1.6234
759	0.0108	1.5888
760	0.0106	1.5587
761	0.0106	1.5546
762	0.0106	1.5642
763	0.0098	1.4412
764	0.0094	1.3914
765	0.0095	1.4046
766	0.0086	1.2598
767	0.0092	1.3526
768	0.0094	1.3875
769	0.0081	1.1895
770	0.0079	1.1614
771	0.0079	1.1592
772	0.0077	1.1341
773	0.0075	1.1060
774	0.0081	1.1921
775	0.0073	1.0721
776	0.0075	1.1093
777	0.0073	1.0724
778	0.0069	1.0120
779	0.0067	0.9863
780	0.0062	0.9137
781	0.0063	0.9252
782	0.0066	0.9674
783	0.0061	0.9011
784	0.0060	0.8884
785	0.0053	0.7815
786	0.0052	0.7646
787	0.0052	0.7682
788	0.0055	0.8068
789	0.0058	0.8527
790	0.0061	0.9045
791	0.0052	0.7686
792	0.0049	0.7270
793	0.0049	0.7180
794	0.0047	0.6858
795	0.0049	0.7204
796	0.0048	0.6999
797	0.0048	0.7097
798	0.0046	0.6715
799	0.0039	0.5782
800	0.0040	0.5941
